10 0.0856808 0.426471 0.0179969 0.0504202
2 0.755477 0.281513 0.0571205 0.0756303
2 0.426056 0.257353 0.0289515 0.0609244
2 0.730829 0.263655 0.0359937 0.0693277
2 0.791471 0.260504 0.0383412 0.0462185
2 0.546948 0.27626 0.029734 0.052521
2 0.741784 0.265756 0.057903 0.0735294
2 0.0942879 0.315126 0.0477308 0.0966387
2 0.460876 0.221639 0.0250391 0.0441176
9 0.818858 0.0504202 0.0289515 0.0840336
2 0.761346 0.308824 0.0625978 0.0966387
2 0.917449 0.253151 0.0305164 0.0567227
2 0.272692 0.378151 0.0946792 0.180672
2 0.428013 0.245798 0.0266041 0.0504202
2 0.356416 0.311975 0.041471 0.0903361
2 0.327074 0.344538 0.0485133 0.109244
0 0.782864 0.351891 0.0195618 0.140756
0 0.963615 0.436975 0.0336463 0.184874
2 0.619327 0.334034 0.0508607 0.092437
0 0.110329 0.679622 0.0704225 0.334034
