2 0.753912 0.257353 0.0524257 0.0609244
2 0.315336 0.347689 0.0485133 0.119748
2 0.158451 0.319328 0.0320814 0.0588235
5 0.962441 0.220588 0.0735524 0.344538
2 0.377543 0.29937 0.0211268 0.0735294
2 0.426056 0.255252 0.0289515 0.0609244
2 0.56025 0.25 0.028169 0.0546218
2 0.868936 0.261555 0.0367762 0.0441176
2 0.465962 0.230042 0.0320814 0.052521
2 0.535603 0.25 0.0258216 0.0420168
9 0.818858 0.0504202 0.0289515 0.0840336
2 0.792253 0.261555 0.0367762 0.0483193
2 0.269953 0.380252 0.0892019 0.180672
2 0.744523 0.255252 0.0586854 0.0693277
0 0.111894 0.366597 0.0234742 0.136555
2 0.428404 0.246849 0.0273865 0.052521
2 0.917058 0.253151 0.0312989 0.0567227
2 0.357199 0.311975 0.041471 0.0903361
2 0.328247 0.345588 0.0461659 0.107143
0 0.419405 0.636555 0.0375587 0.340336
