2 0.756651 0.257353 0.0594679 0.0609244
2 0.158451 0.320378 0.0320814 0.0567227
5 0.962441 0.220588 0.0735524 0.344538
2 0.773865 0.258403 0.0735524 0.0588235
2 0.537559 0.25105 0.0266041 0.0441176
2 0.869327 0.260504 0.0391236 0.0462185
0 0.396714 0.642857 0.0516432 0.331933
2 0.378326 0.297269 0.0211268 0.0735294
2 0.561424 0.252101 0.0273865 0.0672269
2 0.46205 0.222689 0.0258216 0.0504202
0 0.767997 0.331933 0.0226917 0.117647
2 0.792645 0.261555 0.0359937 0.0483193
9 0.819249 0.0514706 0.029734 0.0861345
0 0.400235 0.658613 0.0383412 0.296218
2 0.744914 0.256303 0.0594679 0.0672269
2 0.273083 0.377101 0.0954617 0.178571
2 0.428404 0.245798 0.0258216 0.0504202
2 0.917058 0.252101 0.0312989 0.0588235
2 0.35759 0.310924 0.0422535 0.0882353
2 0.328247 0.345588 0.0461659 0.107143
