2 0.199139 0.294118 0.0242567 0.0504202
2 0.158451 0.320378 0.0320814 0.0567227
5 0.962441 0.220588 0.0735524 0.344538
2 0.775039 0.258403 0.071205 0.0588235
2 0.868936 0.261555 0.0367762 0.0441176
2 0.537167 0.24895 0.0258216 0.0441176
2 0.378326 0.297269 0.0211268 0.0735294
2 0.561424 0.25105 0.0273865 0.0693277
2 0.46205 0.222689 0.0258216 0.0504202
0 0.768388 0.331933 0.0234742 0.117647
2 0.792645 0.261555 0.0359937 0.0483193
9 0.819249 0.0514706 0.029734 0.0861345
0 0.396322 0.639706 0.0571205 0.338235
0 0.40493 0.656513 0.0383412 0.30042
2 0.744523 0.256303 0.0586854 0.0672269
2 0.2723 0.380252 0.0938967 0.180672
2 0.428404 0.245798 0.0258216 0.0504202
2 0.917058 0.253151 0.0312989 0.0567227
2 0.35759 0.310924 0.0422535 0.0882353
2 0.327856 0.345588 0.0469484 0.107143
