2 0.754304 0.257353 0.0532081 0.0609244
2 0.314945 0.347689 0.0477308 0.119748
2 0.158059 0.320378 0.0312989 0.0567227
5 0.962441 0.220588 0.0735524 0.344538
2 0.465571 0.230042 0.0312989 0.052521
2 0.56025 0.25 0.028169 0.0546218
2 0.425665 0.256303 0.029734 0.0588235
2 0.377543 0.29937 0.0211268 0.0735294
2 0.868936 0.261555 0.0367762 0.0441176
2 0.535603 0.25105 0.0258216 0.039916
9 0.818858 0.0514706 0.0289515 0.0861345
2 0.792253 0.261555 0.0367762 0.0483193
2 0.744523 0.255252 0.0586854 0.0693277
2 0.266823 0.380252 0.0829421 0.172269
0 0.111502 0.365546 0.0226917 0.138655
2 0.428404 0.246849 0.0273865 0.052521
2 0.917058 0.253151 0.0312989 0.0567227
2 0.357199 0.311975 0.041471 0.0903361
2 0.328247 0.345588 0.0461659 0.107143
0 0.421753 0.637605 0.0438185 0.338235
