2 0.754304 0.257353 0.0547731 0.0609244
2 0.315728 0.347689 0.0492958 0.119748
2 0.426839 0.256303 0.0273865 0.0588235
5 0.962441 0.220588 0.0735524 0.344538
2 0.788732 0.258403 0.0438185 0.0588235
2 0.466354 0.227941 0.0328638 0.052521
2 0.158842 0.319328 0.0312989 0.0588235
2 0.377934 0.298319 0.0219092 0.0714286
2 0.868936 0.261555 0.0367762 0.0441176
2 0.561033 0.246849 0.028169 0.0651261
2 0.537559 0.25 0.0266041 0.0420168
0 0.113067 0.358193 0.0242567 0.132353
2 0.46205 0.223739 0.0258216 0.052521
2 0.792253 0.261555 0.0367762 0.0483193
9 0.818858 0.0514706 0.0289515 0.0861345
2 0.271127 0.380252 0.0915493 0.180672
2 0.744523 0.255252 0.0586854 0.0693277
2 0.428404 0.245798 0.0258216 0.0504202
2 0.917058 0.253151 0.0312989 0.0567227
0 0.410798 0.636555 0.0344288 0.340336
2 0.357199 0.310924 0.041471 0.0882353
2 0.328247 0.345588 0.0461659 0.107143
