2 0.199139 0.294118 0.0242567 0.0504202
2 0.559077 0.22479 0.0289515 0.0504202
2 0.158451 0.319328 0.0320814 0.0588235
2 0.478482 0.234244 0.0258216 0.0357143
2 0.773083 0.258403 0.0751174 0.0588235
5 0.962441 0.220588 0.0735524 0.344538
2 0.378326 0.297269 0.0226917 0.0735294
2 0.868936 0.261555 0.0367762 0.0441176
2 0.561033 0.24895 0.028169 0.0693277
2 0.537559 0.24895 0.0266041 0.0441176
0 0.396714 0.637605 0.0547731 0.338235
2 0.792645 0.261555 0.0359937 0.0483193
0 0.768779 0.332983 0.0258216 0.115546
9 0.819249 0.0514706 0.029734 0.0861345
2 0.461268 0.221639 0.0242567 0.0483193
2 0.744914 0.256303 0.0594679 0.0672269
2 0.271909 0.380252 0.0931142 0.180672
0 0.405321 0.636555 0.0359937 0.336134
2 0.428404 0.245798 0.0258216 0.0504202
2 0.917058 0.253151 0.0312989 0.0567227
2 0.357199 0.310924 0.041471 0.0882353
2 0.327856 0.345588 0.0469484 0.107143
