0 0.769562 0.332983 0.0289515 0.115546
2 0.377934 0.29937 0.0219092 0.0735294
2 0.158842 0.319328 0.0312989 0.0546218
2 0.78795 0.258403 0.0453834 0.0588235
2 0.477308 0.235294 0.0250391 0.0378151
5 0.962441 0.220588 0.0735524 0.344538
2 0.561033 0.247899 0.028169 0.0714286
2 0.868936 0.261555 0.0367762 0.0441176
2 0.53795 0.25 0.0258216 0.0420168
2 0.461659 0.222689 0.0250391 0.0504202
2 0.792645 0.261555 0.0359937 0.0483193
9 0.818858 0.0514706 0.0289515 0.0861345
2 0.271518 0.380252 0.0923318 0.180672
2 0.744523 0.255252 0.0586854 0.0693277
0 0.403756 0.637605 0.0422535 0.338235
2 0.428404 0.245798 0.0258216 0.0504202
2 0.917058 0.253151 0.0312989 0.0567227
2 0.357199 0.311975 0.041471 0.0903361
2 0.328247 0.345588 0.0461659 0.107143
