2 0.303991 0.353992 0.0367762 0.12395
2 0.561424 0.247899 0.0273865 0.0588235
2 0.158451 0.319328 0.0320814 0.0588235
2 0.314163 0.34874 0.0477308 0.121849
5 0.962441 0.220588 0.0735524 0.344538
2 0.425274 0.255252 0.0305164 0.0609244
2 0.377934 0.29937 0.0219092 0.0735294
2 0.868936 0.261555 0.0367762 0.0441176
2 0.464006 0.228992 0.0312989 0.0546218
2 0.535603 0.25 0.0258216 0.0378151
2 0.792253 0.261555 0.0367762 0.0483193
9 0.818858 0.0514706 0.0289515 0.0861345
2 0.744523 0.255252 0.0586854 0.0693277
2 0.261346 0.380252 0.0719875 0.172269
0 0.11072 0.363445 0.0226917 0.138655
2 0.428404 0.246849 0.0273865 0.052521
2 0.917058 0.253151 0.0312989 0.0567227
2 0.357199 0.311975 0.041471 0.0903361
0 0.427621 0.637605 0.0539906 0.338235
2 0.328247 0.345588 0.0461659 0.107143
