0 0.769562 0.332983 0.0289515 0.115546
2 0.377934 0.29937 0.0219092 0.0735294
0 0.115023 0.356092 0.0234742 0.132353
2 0.786776 0.258403 0.0477308 0.0588235
2 0.158451 0.320378 0.0305164 0.0567227
5 0.962441 0.220588 0.0735524 0.344538
2 0.868936 0.261555 0.0367762 0.0441176
2 0.561033 0.247899 0.028169 0.0714286
2 0.537559 0.24895 0.0266041 0.039916
2 0.46205 0.223739 0.0258216 0.052521
2 0.792253 0.261555 0.0367762 0.0483193
9 0.818858 0.0514706 0.0289515 0.0861345
2 0.744523 0.255252 0.0586854 0.0693277
2 0.271909 0.380252 0.0931142 0.180672
2 0.428404 0.245798 0.0258216 0.0504202
2 0.917058 0.253151 0.0312989 0.0567227
0 0.408451 0.636555 0.0359937 0.340336
2 0.357199 0.311975 0.041471 0.0903361
2 0.328247 0.345588 0.0461659 0.107143
