2 0.754304 0.257353 0.0547731 0.0609244
2 0.315336 0.347689 0.0485133 0.119748
5 0.962441 0.220588 0.0735524 0.344538
2 0.788732 0.258403 0.0438185 0.0588235
2 0.158842 0.319328 0.0312989 0.0588235
2 0.426448 0.255252 0.028169 0.0609244
2 0.377934 0.29937 0.0219092 0.0735294
2 0.561033 0.246849 0.0266041 0.0609244
2 0.868936 0.261555 0.0367762 0.0441176
2 0.536385 0.25 0.0258216 0.0420168
2 0.463224 0.22479 0.028169 0.0546218
2 0.792253 0.261555 0.0367762 0.0483193
9 0.818858 0.0514706 0.0289515 0.0861345
2 0.270736 0.380252 0.0907668 0.180672
0 0.113067 0.362395 0.0242567 0.132353
2 0.744523 0.255252 0.0586854 0.0693277
2 0.428013 0.246849 0.0266041 0.052521
2 0.917058 0.253151 0.0312989 0.0567227
2 0.357199 0.310924 0.041471 0.0882353
0 0.413537 0.635504 0.0352113 0.338235
2 0.328247 0.345588 0.0461659 0.107143
