2 0.377152 0.30042 0.0219092 0.0756303
2 0.741784 0.264706 0.056338 0.0714286
10 0.0856808 0.426471 0.0179969 0.0504202
2 0.425665 0.257353 0.029734 0.0609244
2 0.546557 0.277311 0.0289515 0.0462185
2 0.0942879 0.314076 0.0477308 0.0945378
2 0.791471 0.260504 0.0383412 0.0462185
2 0.461268 0.221639 0.0242567 0.0441176
9 0.818466 0.0504202 0.029734 0.0840336
2 0.917449 0.253151 0.0305164 0.0567227
2 0.760563 0.308824 0.0610329 0.0966387
2 0.272692 0.378151 0.0946792 0.180672
2 0.428013 0.247899 0.0266041 0.0504202
2 0.356416 0.311975 0.041471 0.0903361
0 0.782864 0.351891 0.0195618 0.140756
2 0.327074 0.344538 0.0485133 0.109244
0 0.964006 0.438025 0.0344288 0.182773
2 0.618545 0.331933 0.0492958 0.092437
0 0.111894 0.677521 0.0751174 0.334034
