2 0.159624 0.320378 0.0312989 0.0567227
2 0.557903 0.25 0.028169 0.0546218
2 0.314554 0.347689 0.0469484 0.119748
2 0.377934 0.29937 0.0219092 0.0735294
2 0.426056 0.255252 0.0320814 0.0609244
5 0.962441 0.220588 0.0735524 0.344538
2 0.869327 0.260504 0.0391236 0.0462185
2 0.534038 0.25105 0.0258216 0.0357143
2 0.462833 0.22479 0.0289515 0.0546218
2 0.792253 0.261555 0.0367762 0.0483193
9 0.818858 0.0514706 0.0289515 0.0861345
2 0.744523 0.255252 0.0586854 0.0693277
2 0.266432 0.380252 0.0837246 0.172269
0 0.107981 0.360294 0.0250391 0.153361
2 0.428795 0.247899 0.028169 0.0546218
2 0.917058 0.253151 0.0312989 0.0567227
2 0.357199 0.311975 0.041471 0.0903361
2 0.328247 0.345588 0.0461659 0.107143
0 0.438576 0.639706 0.07277 0.334034
