0 0.106025 0.359244 0.0226917 0.155462
2 0.425274 0.255252 0.0305164 0.0609244
5 0.962441 0.220588 0.0735524 0.344538
2 0.555556 0.244748 0.028169 0.0609244
2 0.758216 0.321429 0.0594679 0.113445
2 0.377543 0.29937 0.0211268 0.0735294
2 0.532473 0.253151 0.0273865 0.0441176
2 0.869327 0.261555 0.0359937 0.0441176
2 0.460876 0.223739 0.028169 0.052521
9 0.818858 0.0504202 0.0289515 0.0840336
2 0.792253 0.261555 0.0367762 0.0483193
2 0.271909 0.380252 0.0931142 0.180672
2 0.744523 0.255252 0.0586854 0.0693277
2 0.429186 0.246849 0.0273865 0.052521
2 0.917058 0.253151 0.0312989 0.0567227
2 0.357199 0.311975 0.041471 0.0903361
2 0.328247 0.345588 0.0461659 0.107143
0 0.440923 0.640756 0.0758998 0.336134
