2 0.753521 0.256303 0.0532081 0.0588235
0 0.104069 0.361345 0.0250391 0.159664
2 0.426056 0.254202 0.0305164 0.0630252
2 0.554382 0.24895 0.0273865 0.052521
2 0.377152 0.30042 0.0203443 0.0756303
2 0.757433 0.321429 0.0594679 0.113445
2 0.869327 0.261555 0.0359937 0.0441176
2 0.460876 0.223739 0.0266041 0.052521
5 0.962441 0.220588 0.0735524 0.344538
2 0.792645 0.261555 0.0375587 0.0483193
9 0.818858 0.0504202 0.0289515 0.0840336
2 0.744914 0.254202 0.0594679 0.0714286
2 0.267997 0.380252 0.0852895 0.172269
2 0.428404 0.246849 0.0273865 0.052521
2 0.356808 0.311975 0.0406886 0.0903361
2 0.917058 0.253151 0.0312989 0.0567227
0 0.447966 0.634454 0.0649452 0.331933
2 0.328247 0.345588 0.0461659 0.107143
