2 0.199139 0.295168 0.0242567 0.052521
5 0.962833 0.220588 0.07277 0.344538
2 0.530125 0.262605 0.0336463 0.0546218
2 0.426839 0.255252 0.0320814 0.0609244
2 0.757042 0.317227 0.0602504 0.113445
2 0.377934 0.29937 0.0219092 0.0735294
2 0.555556 0.245798 0.0266041 0.0588235
2 0.868936 0.261555 0.0367762 0.0441176
2 0.532864 0.252101 0.0266041 0.0462185
9 0.818858 0.0504202 0.0289515 0.0840336
2 0.792253 0.261555 0.0367762 0.0483193
2 0.461268 0.22479 0.0273865 0.0546218
0 0.106416 0.358193 0.0234742 0.157563
2 0.744523 0.255252 0.0586854 0.0693277
2 0.271909 0.380252 0.0931142 0.180672
2 0.429577 0.246849 0.028169 0.052521
2 0.917058 0.253151 0.0312989 0.0567227
2 0.357199 0.311975 0.041471 0.0903361
2 0.328247 0.345588 0.0461659 0.107143
0 0.440141 0.642857 0.0790297 0.336134
