2 0.159624 0.321429 0.0312989 0.0588235
2 0.199139 0.294118 0.0242567 0.0504202
2 0.314945 0.34874 0.0477308 0.121849
2 0.788341 0.258403 0.0446009 0.0588235
2 0.425665 0.255252 0.0312989 0.0609244
2 0.377934 0.30042 0.0219092 0.0756303
2 0.53482 0.25105 0.0258216 0.0357143
2 0.868936 0.261555 0.0367762 0.0441176
5 0.962441 0.220588 0.0735524 0.344538
2 0.463224 0.22584 0.029734 0.0567227
2 0.792253 0.261555 0.0367762 0.0483193
9 0.819249 0.0514706 0.029734 0.0861345
2 0.744523 0.255252 0.0586854 0.0693277
2 0.267214 0.379202 0.0852895 0.17437
0 0.108764 0.362395 0.0234742 0.140756
2 0.428795 0.246849 0.028169 0.052521
2 0.917058 0.253151 0.0312989 0.0567227
2 0.357199 0.311975 0.041471 0.0903361
0 0.436228 0.640756 0.071205 0.336134
2 0.328247 0.346639 0.0461659 0.105042
