2 0.757042 0.317227 0.0602504 0.113445
2 0.530125 0.262605 0.0336463 0.0546218
5 0.962441 0.219538 0.0735524 0.346639
2 0.377934 0.29937 0.0219092 0.0735294
2 0.426448 0.255252 0.0328638 0.0609244
2 0.556729 0.247899 0.0273865 0.0546218
2 0.869327 0.260504 0.0391236 0.0462185
2 0.533646 0.252101 0.0266041 0.0462185
2 0.792645 0.261555 0.0375587 0.0483193
9 0.818858 0.0514706 0.0289515 0.0861345
2 0.461659 0.22479 0.028169 0.0546218
0 0.108372 0.362395 0.0226917 0.14916
2 0.744523 0.255252 0.0586854 0.0693277
2 0.271909 0.380252 0.0931142 0.180672
2 0.429186 0.246849 0.0289515 0.052521
2 0.917058 0.253151 0.0312989 0.0567227
2 0.357199 0.311975 0.041471 0.0903361
2 0.328247 0.345588 0.0461659 0.107143
0 0.440532 0.641807 0.0766823 0.334034
