2 0.530516 0.263655 0.0344288 0.052521
2 0.199139 0.295168 0.0242567 0.052521
2 0.787559 0.259454 0.0461659 0.0567227
5 0.962833 0.220588 0.07277 0.344538
2 0.557512 0.24895 0.0273865 0.052521
2 0.377934 0.29937 0.0219092 0.0735294
2 0.426839 0.255252 0.0336463 0.0609244
2 0.868936 0.260504 0.0399061 0.0462185
2 0.534038 0.253151 0.0273865 0.0441176
2 0.792645 0.261555 0.0375587 0.0483193
0 0.107981 0.361345 0.0234742 0.151261
9 0.818858 0.0514706 0.0289515 0.0861345
2 0.46205 0.22479 0.0289515 0.0546218
2 0.744914 0.255252 0.0594679 0.0693277
2 0.271909 0.380252 0.0931142 0.180672
2 0.429186 0.247899 0.0289515 0.0546218
2 0.917058 0.252101 0.0312989 0.0588235
2 0.357199 0.311975 0.041471 0.0903361
2 0.328247 0.345588 0.0461659 0.107143
0 0.43975 0.640756 0.0751174 0.331933
