2 0.380282 0.305672 0.0203443 0.0693277
2 0.753521 0.256303 0.0547731 0.0588235
0 0.103678 0.361345 0.0273865 0.159664
2 0.756651 0.316176 0.0610329 0.115546
2 0.554382 0.24895 0.0273865 0.052521
2 0.426448 0.255252 0.0312989 0.0651261
2 0.377152 0.29937 0.0203443 0.0735294
2 0.868936 0.261555 0.0367762 0.0441176
5 0.962441 0.220588 0.0735524 0.344538
2 0.461659 0.223739 0.0250391 0.052521
9 0.818858 0.0504202 0.0289515 0.0840336
2 0.792645 0.261555 0.0375587 0.0483193
2 0.744914 0.253151 0.0594679 0.0693277
2 0.268388 0.380252 0.086072 0.172269
2 0.428795 0.246849 0.028169 0.052521
2 0.356808 0.311975 0.0406886 0.0903361
2 0.917058 0.253151 0.0312989 0.0567227
2 0.328247 0.345588 0.0461659 0.107143
0 0.454617 0.630252 0.0532081 0.331933
