2 0.425274 0.255252 0.0367762 0.0609244
2 0.550861 0.247899 0.0250391 0.0630252
5 0.962441 0.220588 0.0735524 0.344538
2 0.756651 0.316176 0.0610329 0.115546
2 0.739045 0.256303 0.0492958 0.0630252
2 0.377543 0.29937 0.0211268 0.0735294
2 0.869327 0.261555 0.0359937 0.0441176
9 0.818858 0.0504202 0.0289515 0.0840336
2 0.791862 0.261555 0.0375587 0.0483193
2 0.460876 0.221639 0.0250391 0.0483193
2 0.268779 0.381303 0.0868545 0.170168
2 0.745305 0.253151 0.0602504 0.0693277
2 0.428795 0.246849 0.029734 0.052521
2 0.357199 0.311975 0.041471 0.0903361
2 0.917058 0.252101 0.0312989 0.0588235
2 0.328247 0.346639 0.0461659 0.105042
0 0.493349 0.631303 0.0680751 0.338235
