2 0.13615 0.30042 0.0641628 0.117647
2 0.752739 0.255252 0.056338 0.0609244
2 0.757825 0.316176 0.0602504 0.107143
2 0.551252 0.245798 0.0258216 0.0630252
2 0.424491 0.255252 0.0367762 0.0609244
5 0.962441 0.220588 0.0735524 0.344538
2 0.869327 0.261555 0.0359937 0.0441176
2 0.377543 0.29937 0.0211268 0.0735294
9 0.819249 0.0514706 0.029734 0.0861345
2 0.791862 0.261555 0.0375587 0.0483193
2 0.460876 0.221639 0.0250391 0.0483193
2 0.745305 0.254202 0.0602504 0.0714286
2 0.268388 0.381303 0.086072 0.170168
2 0.428404 0.247899 0.0289515 0.0504202
2 0.357199 0.311975 0.041471 0.0903361
2 0.917058 0.252101 0.0312989 0.0588235
0 0.49061 0.630252 0.0641628 0.336134
2 0.328247 0.346639 0.0461659 0.105042
