2 0.552034 0.246849 0.0273865 0.0609244
2 0.755869 0.311975 0.0625978 0.119748
2 0.752347 0.255252 0.0571205 0.0609244
2 0.422144 0.252101 0.041471 0.0546218
5 0.962441 0.220588 0.0735524 0.344538
2 0.426056 0.253151 0.0320814 0.0651261
2 0.377543 0.29937 0.0211268 0.0735294
2 0.869327 0.261555 0.0359937 0.0441176
2 0.460876 0.221639 0.0250391 0.0483193
9 0.819249 0.0514706 0.029734 0.0861345
2 0.791862 0.261555 0.0375587 0.0483193
2 0.745696 0.254202 0.0610329 0.0714286
2 0.267214 0.381303 0.0837246 0.170168
2 0.428404 0.247899 0.0289515 0.0504202
0 0.487872 0.631303 0.0571205 0.338235
2 0.357199 0.311975 0.041471 0.0903361
2 0.917058 0.252101 0.0312989 0.0588235
2 0.328247 0.346639 0.0461659 0.105042
