2 0.546166 0.277311 0.029734 0.0462185
2 0.424883 0.257353 0.0312989 0.0609244
2 0.0942879 0.314076 0.0477308 0.0945378
2 0.791471 0.260504 0.0383412 0.0462185
2 0.461268 0.221639 0.0242567 0.0441176
9 0.818858 0.0504202 0.0289515 0.0840336
2 0.758998 0.309874 0.057903 0.0987395
2 0.917449 0.253151 0.0305164 0.0567227
2 0.272692 0.379202 0.0946792 0.178571
2 0.427621 0.247899 0.0273865 0.0504202
2 0.356416 0.311975 0.041471 0.0903361
2 0.327074 0.344538 0.0485133 0.109244
0 0.782864 0.351891 0.0195618 0.140756
0 0.964789 0.436975 0.0359937 0.180672
2 0.617371 0.330882 0.0500782 0.0945378
0 0.113067 0.676471 0.0758998 0.336134
