2 0.380282 0.306723 0.0203443 0.0672269
2 0.753521 0.256303 0.0547731 0.0588235
2 0.457746 0.227941 0.0266041 0.052521
2 0.756651 0.316176 0.0610329 0.115546
2 0.553991 0.252101 0.028169 0.0504202
2 0.426056 0.255252 0.0305164 0.0651261
2 0.868936 0.261555 0.0367762 0.0441176
2 0.377152 0.29937 0.0203443 0.0735294
2 0.460876 0.223739 0.0250391 0.052521
5 0.962441 0.220588 0.0735524 0.344538
9 0.818858 0.0504202 0.0289515 0.0840336
2 0.792645 0.261555 0.0375587 0.0483193
2 0.745305 0.253151 0.0602504 0.0693277
2 0.267997 0.380252 0.0852895 0.172269
2 0.428404 0.246849 0.0273865 0.052521
2 0.356808 0.311975 0.0406886 0.0903361
2 0.917058 0.253151 0.0312989 0.0567227
2 0.328247 0.345588 0.0461659 0.107143
0 0.460094 0.628151 0.0469484 0.331933
