2 0.757825 0.317227 0.0602504 0.109244
2 0.752739 0.255252 0.057903 0.0609244
2 0.552034 0.247899 0.0273865 0.0588235
5 0.962441 0.220588 0.0735524 0.344538
2 0.869327 0.261555 0.0359937 0.0441176
2 0.423709 0.256303 0.0367762 0.0630252
2 0.377934 0.29937 0.0203443 0.0735294
2 0.461268 0.221639 0.0258216 0.0483193
9 0.819249 0.0504202 0.029734 0.0840336
2 0.791862 0.261555 0.0375587 0.0483193
2 0.745696 0.254202 0.0610329 0.0714286
2 0.267606 0.381303 0.084507 0.170168
2 0.427621 0.24895 0.0289515 0.052521
2 0.356808 0.311975 0.0406886 0.0903361
2 0.917058 0.252101 0.0312989 0.0588235
0 0.482786 0.631303 0.0453834 0.338235
2 0.328638 0.346639 0.0453834 0.105042
