2 0.753521 0.255252 0.0532081 0.0609244
2 0.554382 0.24895 0.0273865 0.052521
2 0.426448 0.254202 0.0312989 0.0630252
0 0.104069 0.360294 0.0250391 0.157563
2 0.377152 0.29937 0.0203443 0.0735294
2 0.757433 0.321429 0.0594679 0.113445
2 0.869327 0.261555 0.0359937 0.0441176
2 0.461268 0.223739 0.0242567 0.052521
5 0.962441 0.220588 0.0735524 0.344538
9 0.818858 0.0504202 0.0289515 0.0840336
2 0.792645 0.261555 0.0375587 0.0483193
2 0.744914 0.253151 0.0594679 0.0693277
2 0.267997 0.380252 0.0852895 0.172269
2 0.428795 0.246849 0.028169 0.052521
2 0.356808 0.311975 0.0406886 0.0903361
2 0.917058 0.253151 0.0312989 0.0567227
2 0.328247 0.345588 0.0461659 0.107143
0 0.450704 0.630252 0.057903 0.327731
