2 0.52856 0.254202 0.0289515 0.0504202
2 0.313772 0.347689 0.0438185 0.119748
2 0.381064 0.305672 0.0203443 0.0693277
2 0.75313 0.255252 0.0586854 0.0609244
2 0.553208 0.246849 0.0266041 0.0567227
2 0.758216 0.318277 0.0594679 0.111345
2 0.869327 0.260504 0.0391236 0.0462185
2 0.461268 0.223739 0.0242567 0.052521
2 0.377934 0.29937 0.0203443 0.0735294
2 0.424883 0.256303 0.0359937 0.0630252
5 0.962441 0.220588 0.0735524 0.344538
9 0.819249 0.0504202 0.029734 0.0840336
2 0.791862 0.261555 0.0375587 0.0483193
2 0.745696 0.254202 0.0610329 0.0714286
2 0.266823 0.381303 0.0829421 0.170168
2 0.427621 0.24895 0.0289515 0.052521
2 0.356808 0.311975 0.0406886 0.0903361
2 0.917058 0.252101 0.0312989 0.0588235
2 0.328247 0.346639 0.0461659 0.105042
0 0.472222 0.630252 0.0352113 0.340336
