2 0.528169 0.254202 0.028169 0.0504202
2 0.381064 0.305672 0.0203443 0.0693277
2 0.160407 0.319328 0.029734 0.0546218
2 0.312207 0.347689 0.0422535 0.119748
2 0.753912 0.256303 0.0602504 0.0630252
2 0.758216 0.318277 0.0594679 0.111345
2 0.552817 0.247899 0.0273865 0.0588235
2 0.785994 0.257353 0.0492958 0.0609244
2 0.869327 0.260504 0.0391236 0.0462185
2 0.377934 0.29937 0.0203443 0.0735294
5 0.962441 0.220588 0.0735524 0.344538
2 0.424883 0.256303 0.0359937 0.0630252
2 0.461268 0.222689 0.0242567 0.0504202
2 0.791862 0.261555 0.0375587 0.0483193
9 0.819249 0.0504202 0.029734 0.0840336
2 0.745696 0.254202 0.0610329 0.0714286
2 0.266041 0.381303 0.0813771 0.170168
2 0.427621 0.24895 0.0289515 0.052521
2 0.356808 0.311975 0.0406886 0.0903361
2 0.917058 0.252101 0.0312989 0.0588235
2 0.328638 0.346639 0.0453834 0.105042
0 0.473396 0.627101 0.0375587 0.334034
