2 0.13615 0.30042 0.0657277 0.117647
5 0.962441 0.220588 0.0735524 0.344538
2 0.160798 0.321429 0.0289515 0.0546218
2 0.758607 0.319328 0.0586854 0.109244
2 0.426448 0.254202 0.029734 0.0630252
2 0.738654 0.256303 0.0485133 0.0630252
0 0.512911 0.632353 0.0305164 0.340336
2 0.377152 0.29937 0.0203443 0.0735294
2 0.869718 0.260504 0.0383412 0.0462185
9 0.818858 0.0504202 0.0289515 0.0840336
2 0.791862 0.261555 0.0375587 0.0483193
2 0.745696 0.254202 0.0610329 0.0714286
2 0.461268 0.220588 0.0242567 0.0462185
2 0.269171 0.380252 0.0876369 0.172269
2 0.357199 0.311975 0.041471 0.0903361
2 0.427621 0.246849 0.0273865 0.052521
2 0.917058 0.252101 0.0312989 0.0588235
0 0.506651 0.633403 0.0508607 0.338235
2 0.328247 0.345588 0.0461659 0.107143
