2 0.74687 0.241597 0.0461659 0.0546218
2 0.425274 0.257353 0.0305164 0.0609244
2 0.791471 0.260504 0.0383412 0.0462185
2 0.0942879 0.315126 0.0477308 0.092437
2 0.545383 0.27521 0.029734 0.0504202
2 0.461659 0.221639 0.0250391 0.0441176
9 0.818858 0.0504202 0.0289515 0.0840336
2 0.758998 0.310924 0.057903 0.0966387
2 0.917449 0.253151 0.0305164 0.0567227
2 0.272692 0.378151 0.0946792 0.176471
2 0.427621 0.247899 0.0273865 0.0504202
2 0.356416 0.311975 0.041471 0.0903361
2 0.327074 0.345588 0.0485133 0.107143
0 0.782081 0.35084 0.0195618 0.138655
0 0.966354 0.436975 0.0391236 0.189076
0 0.115806 0.673319 0.0751174 0.338235
2 0.616588 0.327731 0.0485133 0.092437
