2 0.756651 0.317227 0.0610329 0.117647
2 0.13615 0.30042 0.0641628 0.121849
0 0.0938967 0.385504 0.0312989 0.128151
2 0.738654 0.256303 0.0485133 0.0630252
2 0.377152 0.29937 0.0203443 0.0735294
5 0.962441 0.220588 0.0735524 0.344538
2 0.869327 0.261555 0.0359937 0.0441176
9 0.818858 0.0504202 0.0289515 0.0840336
2 0.791862 0.261555 0.0375587 0.0483193
2 0.461268 0.220588 0.0242567 0.0462185
2 0.745696 0.254202 0.0610329 0.0714286
2 0.267997 0.380252 0.0852895 0.172269
2 0.357199 0.311975 0.041471 0.0903361
2 0.428795 0.245798 0.029734 0.0504202
2 0.917058 0.252101 0.0312989 0.0588235
2 0.328247 0.345588 0.0461659 0.107143
0 0.49687 0.636555 0.0704225 0.331933
