2 0.755869 0.313025 0.0625978 0.12605
2 0.13615 0.301471 0.0657277 0.119748
2 0.160798 0.320378 0.0289515 0.0567227
10 0.0899843 0.388655 0.0234742 0.121849
2 0.739045 0.257353 0.0492958 0.0609244
5 0.962441 0.220588 0.0735524 0.344538
2 0.426448 0.254202 0.029734 0.0630252
2 0.869718 0.260504 0.0383412 0.0462185
2 0.377152 0.29937 0.0203443 0.0735294
0 0.510563 0.65021 0.0367762 0.308824
9 0.818858 0.0504202 0.0289515 0.0840336
2 0.791862 0.261555 0.0375587 0.0483193
2 0.745696 0.254202 0.0610329 0.0714286
2 0.460876 0.220588 0.0234742 0.0462185
2 0.268779 0.380252 0.0868545 0.172269
0 0.505086 0.634454 0.0539906 0.340336
2 0.357199 0.311975 0.041471 0.0903361
2 0.427621 0.247899 0.0273865 0.0504202
2 0.917058 0.252101 0.0312989 0.0588235
2 0.328247 0.345588 0.0461659 0.107143
