2 0.13615 0.30042 0.0641628 0.117647
2 0.756651 0.317227 0.0610329 0.117647
2 0.738654 0.256303 0.0485133 0.0630252
0 0.0974178 0.378151 0.0258216 0.134454
5 0.962441 0.220588 0.0735524 0.344538
2 0.377152 0.29937 0.0203443 0.0735294
2 0.869327 0.261555 0.0359937 0.0441176
9 0.818858 0.0504202 0.0289515 0.0840336
2 0.791862 0.261555 0.0375587 0.0483193
2 0.461268 0.221639 0.0242567 0.0483193
2 0.745696 0.254202 0.0610329 0.0714286
2 0.269171 0.380252 0.0876369 0.172269
2 0.428404 0.245798 0.0289515 0.0504202
2 0.357199 0.311975 0.041471 0.0903361
2 0.917058 0.252101 0.0312989 0.0588235
2 0.328247 0.346639 0.0461659 0.105042
0 0.496479 0.633403 0.071205 0.338235
