2 0.160407 0.319328 0.029734 0.0546218
2 0.756651 0.317227 0.0610329 0.117647
2 0.136541 0.301471 0.0649452 0.119748
2 0.738654 0.256303 0.0485133 0.0630252
0 0.0974178 0.378151 0.0226917 0.12605
2 0.377152 0.29937 0.0203443 0.0735294
2 0.869327 0.261555 0.0359937 0.0441176
5 0.962441 0.220588 0.0735524 0.344538
9 0.818858 0.0504202 0.0289515 0.0840336
2 0.791862 0.261555 0.0375587 0.0483193
2 0.461268 0.221639 0.0242567 0.0483193
2 0.745696 0.254202 0.0610329 0.0714286
2 0.267606 0.381303 0.084507 0.170168
2 0.428404 0.245798 0.0289515 0.0504202
2 0.357199 0.311975 0.041471 0.0903361
2 0.917058 0.252101 0.0312989 0.0588235
2 0.328247 0.345588 0.0461659 0.107143
0 0.496088 0.632353 0.0704225 0.336134
