2 0.548513 0.218487 0.0234742 0.0462185
2 0.206573 0.301471 0.0657277 0.111345
2 0.440923 0.297269 0.0164319 0.0693277
2 0.430751 0.306723 0.0383412 0.0798319
2 0.936228 0.259454 0.041471 0.0483193
2 0.626369 0.222689 0.0242567 0.0420168
2 0.491002 0.255252 0.0383412 0.0651261
2 0.812207 0.254202 0.0594679 0.0672269
2 0.859155 0.260504 0.0375587 0.0462185
2 0.824726 0.316176 0.0594679 0.107143
2 0.526213 0.220588 0.0258216 0.0462185
0 0.158059 0.388655 0.0219092 0.130252
2 0.4241 0.314076 0.0422535 0.0903361
2 0.494523 0.24895 0.029734 0.0567227
0 0.589202 0.631303 0.0359937 0.342437
2 0.983959 0.253151 0.0305164 0.0567227
2 0.339593 0.377101 0.0938967 0.182773
2 0.388889 0.343487 0.056338 0.115546
