2 0.160798 0.320378 0.0289515 0.052521
2 0.425665 0.254202 0.0312989 0.0630252
2 0.135759 0.301471 0.0649452 0.119748
2 0.737872 0.256303 0.0469484 0.0630252
2 0.869327 0.261555 0.0359937 0.0441176
2 0.376761 0.29937 0.0195618 0.0735294
0 0.0895931 0.388655 0.0258216 0.130252
9 0.818858 0.0504202 0.0289515 0.0840336
2 0.758216 0.317227 0.0594679 0.105042
2 0.791862 0.261555 0.0375587 0.0483193
2 0.745696 0.253151 0.0610329 0.0735294
2 0.460876 0.220588 0.0250391 0.0462185
2 0.268779 0.380252 0.0868545 0.172269
2 0.356808 0.311975 0.0406886 0.0903361
2 0.427621 0.245798 0.0273865 0.0504202
0 0.518779 0.633403 0.0391236 0.346639
2 0.917058 0.252101 0.0312989 0.0588235
2 0.328247 0.345588 0.0461659 0.107143
