2 0.426056 0.254202 0.0367762 0.0630252
2 0.135759 0.29937 0.0649452 0.119748
2 0.757042 0.317227 0.0602504 0.117647
5 0.962441 0.220588 0.0735524 0.344538
2 0.738654 0.257353 0.0485133 0.0609244
2 0.377152 0.29937 0.0203443 0.0735294
2 0.869327 0.261555 0.0359937 0.0441176
9 0.818858 0.0504202 0.0289515 0.0840336
2 0.791862 0.261555 0.0375587 0.0483193
2 0.460876 0.220588 0.0234742 0.0462185
2 0.745696 0.254202 0.0610329 0.0714286
2 0.267997 0.381303 0.0852895 0.170168
2 0.357199 0.311975 0.041471 0.0903361
2 0.428404 0.246849 0.0305164 0.052521
2 0.917058 0.252101 0.0312989 0.0588235
2 0.328247 0.345588 0.0461659 0.107143
0 0.498044 0.633403 0.0696401 0.338235
