2 0.160798 0.319328 0.0289515 0.0546218
10 0.0876369 0.413866 0.0219092 0.0714286
2 0.425274 0.254202 0.0320814 0.0630252
2 0.13615 0.30042 0.0641628 0.117647
2 0.757042 0.316176 0.0602504 0.119748
0 0.499609 0.665966 0.0555556 0.273109
2 0.738654 0.257353 0.0485133 0.0609244
2 0.377152 0.29937 0.0203443 0.0735294
10 0.0919405 0.386555 0.0242567 0.121849
5 0.962441 0.220588 0.0735524 0.344538
2 0.869718 0.261555 0.0352113 0.0441176
9 0.818858 0.0504202 0.0289515 0.0840336
2 0.791862 0.261555 0.0375587 0.0483193
2 0.460876 0.220588 0.0234742 0.0462185
2 0.745696 0.254202 0.0610329 0.0714286
2 0.267997 0.381303 0.0852895 0.170168
0 0.500391 0.633403 0.0649452 0.334034
2 0.357199 0.311975 0.041471 0.0903361
2 0.428013 0.247899 0.028169 0.0504202
2 0.917058 0.252101 0.0312989 0.0588235
2 0.328247 0.345588 0.0461659 0.107143
