2 0.160798 0.320378 0.0289515 0.052521
2 0.426448 0.254202 0.029734 0.0630252
2 0.738654 0.256303 0.0485133 0.0630252
2 0.869718 0.261555 0.0352113 0.0441176
2 0.377152 0.29937 0.0203443 0.0735294
9 0.818858 0.0504202 0.0289515 0.0840336
2 0.758607 0.317227 0.0586854 0.105042
2 0.791862 0.261555 0.0375587 0.0483193
2 0.745305 0.254202 0.0602504 0.0714286
2 0.460485 0.220588 0.0242567 0.0462185
2 0.269562 0.380252 0.0884194 0.172269
2 0.427621 0.247899 0.0273865 0.0504202
2 0.357199 0.311975 0.041471 0.0903361
0 0.513302 0.633403 0.0406886 0.342437
2 0.917058 0.252101 0.0312989 0.0588235
2 0.328247 0.345588 0.0461659 0.107143
