2 0.53795 0.273109 0.0446009 0.0504202
2 0.376761 0.30042 0.0226917 0.0756303
2 0.425274 0.257353 0.0305164 0.0609244
2 0.791471 0.260504 0.0383412 0.0462185
2 0.0942879 0.316176 0.0477308 0.0903361
2 0.331377 0.344538 0.0399061 0.092437
2 0.544992 0.27416 0.0289515 0.0483193
2 0.461268 0.221639 0.0258216 0.0441176
9 0.818858 0.0504202 0.0289515 0.0840336
2 0.917449 0.253151 0.0305164 0.0567227
2 0.758998 0.309874 0.057903 0.0987395
2 0.428013 0.247899 0.0266041 0.0504202
2 0.272692 0.379202 0.0946792 0.178571
2 0.356416 0.311975 0.041471 0.0903361
2 0.327074 0.344538 0.0485133 0.109244
0 0.78169 0.34979 0.0187793 0.140756
0 0.967527 0.438025 0.0383412 0.191176
0 0.117371 0.673319 0.0735524 0.342437
2 0.615806 0.32563 0.0485133 0.092437
