1 0.223005 0.390756 0.0266041 0.130252
2 0.886933 0.29937 0.0696401 0.140756
2 0.679577 0.254202 0.0273865 0.0462185
2 0.515649 0.303571 0.0156495 0.0693277
9 0.951095 0.0535714 0.0305164 0.0861345
2 0.515258 0.297269 0.0195618 0.0735294
0 0.0356025 0.421218 0.0696401 0.203782
2 0.328247 0.293067 0.0273865 0.052521
2 0.444053 0.346639 0.041471 0.12605
10 0.964789 0.296218 0.0234742 0.105042
2 0.556729 0.255252 0.0352113 0.0609244
2 0.875978 0.256303 0.0539906 0.0630252
2 0.926056 0.261555 0.0399061 0.0483193
2 0.892019 0.316176 0.0594679 0.111345
2 0.594679 0.220588 0.0250391 0.0462185
0 0.221831 0.388655 0.0226917 0.130252
2 0.46205 0.345588 0.0446009 0.111345
2 0.489437 0.313025 0.0399061 0.0882353
2 0.559468 0.24895 0.028169 0.052521
0 0.658451 0.633403 0.0383412 0.342437
2 0.454225 0.341387 0.0602504 0.119748
2 0.403756 0.377101 0.0892019 0.182773
