9 0.71518 0.0367647 0.0219092 0.0651261
2 0.820423 0.219538 0.0211268 0.0441176
2 0.636541 0.361345 0.0320814 0.147059
2 0.753912 0.262605 0.0352113 0.0504202
2 0.64554 0.346639 0.0469484 0.130252
2 0.89241 0.223739 0.0226917 0.0441176
2 0.715962 0.303571 0.0156495 0.0693277
2 0.715571 0.297269 0.0195618 0.0735294
2 0.528169 0.293067 0.028169 0.0567227
2 0.757433 0.254202 0.0344288 0.0630252
2 0.794601 0.220588 0.0242567 0.0462185
2 0.68975 0.313025 0.0399061 0.0882353
2 0.760172 0.246849 0.0289515 0.052521
0 0.0465571 0.858193 0.0179969 0.128151
0 0.421362 0.389706 0.0211268 0.128151
0 0.092723 0.931723 0.0195618 0.136555
2 0.654147 0.341387 0.0610329 0.12395
2 0.603286 0.377101 0.0892019 0.182773
0 0.86698 0.632353 0.0485133 0.340336
0 0.16471 0.898109 0.0273865 0.203782
