7 0.0582942 0.77521 0.0258216 0.092437
2 0.802817 0.311975 0.084507 0.102941
2 0.827856 0.306723 0.0438185 0.0798319
2 0.0395149 0.813025 0.0305164 0.0840336
0 0.167058 0.837185 0.0117371 0.102941
0 0.554382 0.388655 0.0226917 0.130252
2 0.0938967 0.806723 0.0375587 0.109244
2 0.927621 0.222689 0.0258216 0.0462185
0 0.230438 0.92542 0.0305164 0.14916
2 0.0211268 0.847689 0.0422535 0.102941
2 0.823552 0.314076 0.041471 0.0903361
0 0.989828 0.646008 0.0203443 0.342437
2 0.894757 0.247899 0.0305164 0.0588235
2 0.78795 0.343487 0.057903 0.119748
2 0.738263 0.378151 0.0915493 0.184874
0 0.278951 0.884454 0.0305164 0.231092
