2 0.0258216 0.809874 0.0359937 0.119748
2 0.559077 0.318277 0.0305164 0.052521
0 0.154538 0.894958 0.013302 0.0840336
2 0.781299 0.304622 0.0195618 0.0672269
2 0.665884 0.391807 0.0798122 0.14916
0 0.166275 0.926471 0.0242567 0.142857
2 0.825117 0.255252 0.0336463 0.0651261
2 0.779734 0.297269 0.0211268 0.0693277
2 0.861502 0.221639 0.0266041 0.0483193
0 0.48748 0.389706 0.0219092 0.128151
2 0.6741 0.379202 0.0962441 0.178571
2 0.757433 0.311975 0.0422535 0.0903361
2 0.828247 0.246849 0.0289515 0.052521
0 0.935837 0.633403 0.0516432 0.334034
0 0.21205 0.881303 0.0328638 0.220588
2 0.727308 0.345588 0.0492958 0.107143
