7 0.135368 0.757353 0.0391236 0.12395
2 0.982003 0.304622 0.0203443 0.0714286
7 0.225743 0.793067 0.0367762 0.107143
2 0.178795 0.805672 0.0211268 0.0735294
2 0.113067 0.804622 0.0273865 0.0672269
2 0.799687 0.292017 0.0250391 0.0462185
2 0.978482 0.298319 0.0226917 0.0798319
2 0.176839 0.798319 0.029734 0.0798319
0 0.68662 0.387605 0.0211268 0.132353
2 0.956964 0.311975 0.0422535 0.0903361
2 0.925665 0.344538 0.0532081 0.113445
2 0.155712 0.830882 0.0453834 0.0903361
2 0.873631 0.377101 0.0962441 0.178571
0 0.492958 0.890756 0.0344288 0.184874
2 0.051252 0.890756 0.102504 0.218487
