0 0.0786385 0.918067 0.0226917 0.159664
2 0.748826 0.218487 0.0234742 0.0462185
2 0.640845 0.297269 0.0172144 0.0693277
2 0.990219 0.262605 0.0179969 0.0504202
26 0.778169 0.609244 0.0273865 0.10084
2 0.62989 0.306723 0.0391236 0.0798319
2 0.690141 0.255252 0.0406886 0.0651261
2 0.826682 0.222689 0.0258216 0.0462185
26 0.775822 0.615546 0.0226917 0.0840336
2 0.726917 0.220588 0.0266041 0.0462185
0 0.355634 0.387605 0.0242567 0.128151
2 0.624022 0.314076 0.043036 0.0903361
0 0.00586854 0.885504 0.0117371 0.157563
2 0.694444 0.247899 0.0289515 0.0588235
2 0.539515 0.377101 0.0946792 0.182773
2 0.588419 0.343487 0.056338 0.115546
0 0.795383 0.635504 0.043036 0.338235
0 0.102504 0.915966 0.0312989 0.168067
