2 0.377543 0.29937 0.0226917 0.0735294
2 0.425274 0.258403 0.0305164 0.0588235
2 0.791471 0.261555 0.0383412 0.0441176
2 0.0942879 0.316176 0.0477308 0.0903361
2 0.461268 0.222689 0.0258216 0.0420168
2 0.544601 0.273109 0.029734 0.0504202
9 0.818466 0.0504202 0.029734 0.0840336
2 0.917449 0.253151 0.0305164 0.0567227
2 0.428013 0.247899 0.0266041 0.0504202
2 0.272692 0.379202 0.0946792 0.178571
2 0.758216 0.308824 0.056338 0.0966387
2 0.356416 0.311975 0.041471 0.0903361
2 0.327074 0.344538 0.0485133 0.109244
0 0.780908 0.35084 0.0187793 0.142857
0 0.118936 0.670168 0.0719875 0.340336
0 0.967919 0.439076 0.0375587 0.189076
2 0.614632 0.32458 0.0477308 0.0945378
