2 0.87011 0.260504 0.0328638 0.0420168
2 0.377152 0.29937 0.0219092 0.0735294
2 0.425665 0.258403 0.029734 0.0588235
2 0.0946792 0.316176 0.0469484 0.0903361
2 0.791471 0.261555 0.0383412 0.0441176
2 0.461268 0.222689 0.0258216 0.0420168
2 0.54421 0.272059 0.0305164 0.052521
9 0.818466 0.0504202 0.029734 0.0840336
2 0.917449 0.253151 0.0305164 0.0567227
2 0.428013 0.247899 0.0266041 0.0504202
2 0.272692 0.379202 0.0946792 0.178571
0 0.780908 0.34979 0.0187793 0.140756
2 0.757433 0.308824 0.0547731 0.0966387
2 0.356416 0.311975 0.041471 0.0903361
2 0.327074 0.345588 0.0485133 0.107143
0 0.12011 0.670168 0.0696401 0.340336
0 0.969092 0.438025 0.0367762 0.191176
2 0.61385 0.32458 0.0477308 0.0903361
