2 0.870501 0.260504 0.0320814 0.0420168
2 0.424883 0.257353 0.0312989 0.0609244
2 0.378717 0.29937 0.0234742 0.0735294
2 0.0946792 0.316176 0.0469484 0.0903361
2 0.791471 0.262605 0.0383412 0.0462185
0 0.133412 0.67542 0.0477308 0.308824
2 0.461659 0.222689 0.0250391 0.0420168
9 0.818466 0.0504202 0.029734 0.0840336
2 0.543818 0.272059 0.0312989 0.052521
2 0.917449 0.253151 0.0305164 0.0567227
2 0.272692 0.378151 0.0946792 0.176471
2 0.428013 0.246849 0.0266041 0.052521
2 0.75626 0.309874 0.0524257 0.0987395
2 0.356416 0.311975 0.041471 0.0903361
2 0.327074 0.345588 0.0485133 0.107143
0 0.780516 0.347689 0.0195618 0.140756
0 0.125587 0.663866 0.0602504 0.336134
0 0.97144 0.436975 0.0352113 0.193277
2 0.612285 0.321429 0.0477308 0.0882353
