2 0.424883 0.257353 0.0312989 0.0609244
2 0.0946792 0.316176 0.0469484 0.0903361
2 0.378717 0.29937 0.0234742 0.0735294
2 0.79108 0.261555 0.0391236 0.0483193
2 0.331768 0.344538 0.0391236 0.092437
2 0.461659 0.222689 0.0250391 0.0420168
9 0.818858 0.0504202 0.0289515 0.0840336
2 0.543427 0.272059 0.0320814 0.052521
2 0.917449 0.253151 0.0305164 0.0567227
2 0.272692 0.378151 0.0946792 0.176471
2 0.428013 0.246849 0.0266041 0.052521
2 0.75626 0.308824 0.0524257 0.0966387
2 0.356416 0.311975 0.041471 0.0903361
2 0.327074 0.345588 0.0485133 0.107143
0 0.780125 0.347689 0.0203443 0.140756
0 0.128717 0.662815 0.0586854 0.338235
2 0.611502 0.319328 0.0461659 0.0882353
0 0.973396 0.434874 0.0328638 0.193277
