2 0.583725 0.539916 0.028169 0.0756303
2 0.481221 0.554622 0.0438185 0.0798319
0 0.681534 0.558824 0.0125196 0.0798319
0 0.381455 0.547269 0.0164319 0.0735294
2 0.567293 0.54937 0.0438185 0.0903361
2 0.513693 0.547269 0.0242567 0.0651261
2 0.573944 0.546219 0.0399061 0.0840336
0 0.681534 0.548319 0.0109546 0.0588235
0 0.295383 0.572479 0.0211268 0.115546
2 0.628326 0.530462 0.0312989 0.0987395
2 0.546557 0.586134 0.0555556 0.113445
0 0.701878 0.630252 0.029734 0.163866
2 0.31651 0.821429 0.304382 0.357143
