7 0.584116 0.503151 0.0383412 0.0819328
2 0.503521 0.529412 0.0586854 0.0798319
2 0.6518 0.936975 0.120501 0.113445
0 0.815336 0.642857 0.0234742 0.176471
2 0.583725 0.505252 0.0344288 0.0777311
2 0.583333 0.514706 0.0320814 0.0588235
2 0.629108 0.506303 0.029734 0.0882353
0 0.336854 0.527311 0.0179969 0.130252
0 0.149061 0.643908 0.0305164 0.195378
0 0.818858 0.65021 0.0226917 0.165966
2 0.559859 0.551471 0.0446009 0.0903361
2 0.520344 0.587185 0.0766823 0.161765
2 0.413928 0.693277 0.176839 0.361345
0 0.868936 0.844538 0.0555556 0.310924
