2 0.870501 0.260504 0.0320814 0.0420168
2 0.724961 0.271008 0.0492958 0.0714286
0 0.158451 0.34874 0.0164319 0.10084
0 0.140063 0.646008 0.0406886 0.308824
2 0.424883 0.257353 0.0312989 0.0609244
0 0.156103 0.344538 0.014867 0.0966387
2 0.0946792 0.316176 0.0469484 0.0903361
2 0.379108 0.30042 0.0242567 0.0714286
26 0.116197 0.629202 0.0258216 0.0861345
2 0.790689 0.261555 0.0399061 0.0483193
2 0.331768 0.344538 0.0391236 0.092437
2 0.461659 0.222689 0.0250391 0.0420168
9 0.818858 0.0504202 0.0289515 0.0840336
2 0.543036 0.272059 0.0312989 0.052521
2 0.272692 0.378151 0.0946792 0.176471
2 0.917058 0.253151 0.029734 0.0567227
2 0.428013 0.246849 0.0266041 0.052521
2 0.755869 0.309874 0.0516432 0.0987395
2 0.356416 0.311975 0.041471 0.0903361
2 0.327074 0.345588 0.0485133 0.107143
0 0.779734 0.347689 0.0195618 0.140756
0 0.133803 0.660714 0.0532081 0.342437
2 0.611111 0.317227 0.0453834 0.0882353
0 0.974961 0.434874 0.0312989 0.197479
