2 0.75626 0.287815 0.0539906 0.0756303
0 0.165102 0.341387 0.0140845 0.0903361
2 0.314163 0.346639 0.0461659 0.121849
2 0.426056 0.256303 0.0289515 0.0630252
2 0.791862 0.260504 0.0391236 0.0462185
2 0.331768 0.344538 0.0391236 0.092437
2 0.734742 0.255252 0.0438185 0.0567227
2 0.741784 0.253151 0.056338 0.0651261
2 0.461268 0.221639 0.0242567 0.0441176
2 0.0942879 0.317227 0.0477308 0.0966387
9 0.818858 0.0514706 0.0289515 0.0819328
2 0.550861 0.282563 0.0359937 0.0693277
2 0.760955 0.307773 0.0618153 0.0987395
2 0.657277 0.272059 0.0672926 0.0567227
2 0.917449 0.253151 0.0305164 0.0567227
2 0.270736 0.379202 0.0923318 0.17437
2 0.428013 0.245798 0.0266041 0.0504202
2 0.356416 0.311975 0.041471 0.0903361
0 0.950313 0.414916 0.0336463 0.203782
0 0.78482 0.35084 0.0203443 0.142857
2 0.327074 0.344538 0.0485133 0.109244
2 0.631064 0.351891 0.0586854 0.107143
0 0.0813771 0.672269 0.0422535 0.340336
