2 0.737872 0.265756 0.056338 0.0819328
0 0.156103 0.344538 0.013302 0.0966387
2 0.495696 0.242647 0.0305164 0.0315126
2 0.425274 0.257353 0.0305164 0.0609244
2 0.0946792 0.315126 0.0469484 0.092437
2 0.379108 0.30042 0.0242567 0.0714286
2 0.789906 0.261555 0.0399061 0.0483193
2 0.461659 0.222689 0.0250391 0.0420168
9 0.818858 0.0504202 0.0289515 0.0840336
2 0.543036 0.269958 0.029734 0.052521
2 0.272692 0.379202 0.0946792 0.178571
2 0.917058 0.253151 0.029734 0.0567227
2 0.428013 0.247899 0.0266041 0.0504202
2 0.757433 0.308824 0.0547731 0.10084
2 0.356416 0.311975 0.041471 0.0903361
2 0.327074 0.344538 0.0485133 0.109244
0 0.779343 0.345588 0.0203443 0.144958
0 0.978091 0.431723 0.0312989 0.19958
0 0.143584 0.660714 0.0461659 0.346639
2 0.609155 0.311975 0.043036 0.0861345
