0 0.823944 0.561975 0.0156495 0.111345
2 0.602895 0.477941 0.0273865 0.0441176
0 0.755869 0.594538 0.029734 0.168067
0 0.760563 0.593487 0.0219092 0.17437
7 0.577856 0.502101 0.0305164 0.0882353
2 0.492566 0.511555 0.0665102 0.0735294
2 0.577465 0.504202 0.0312989 0.0798319
0 0.764867 0.57563 0.0179969 0.134454
2 0.481221 0.512605 0.057903 0.0882353
2 0.62989 0.5 0.028169 0.0840336
0 0.751174 0.611345 0.0203443 0.142857
0 0.866197 0.668067 0.0406886 0.247899
2 0.431534 0.669118 0.154147 0.30042
