2 0.559468 0.221639 0.029734 0.0483193
2 0.787167 0.259454 0.0453834 0.0483193
2 0.425665 0.257353 0.029734 0.0609244
2 0.739437 0.266807 0.0516432 0.0756303
2 0.495696 0.241597 0.0305164 0.0336134
2 0.0942879 0.315126 0.0477308 0.092437
2 0.521518 0.256303 0.0242567 0.0588235
0 0.156103 0.346639 0.014867 0.10084
2 0.379108 0.30042 0.0242567 0.0714286
2 0.461268 0.222689 0.0258216 0.0420168
9 0.818858 0.0514706 0.0289515 0.0819328
2 0.543427 0.269958 0.0289515 0.052521
2 0.917058 0.253151 0.029734 0.0567227
2 0.758216 0.308824 0.056338 0.10084
2 0.272692 0.378151 0.0946792 0.176471
2 0.428013 0.247899 0.0266041 0.0504202
2 0.356416 0.311975 0.041471 0.0903361
0 0.778951 0.346639 0.0195618 0.142857
2 0.327074 0.344538 0.0485133 0.109244
0 0.145931 0.660714 0.0508607 0.346639
0 0.978482 0.432773 0.0289515 0.205882
2 0.608764 0.310924 0.0438185 0.0840336
