0 0.341941 0.447479 0.0250391 0.138655
2 0.578247 0.460084 0.028169 0.0588235
2 0.588811 0.445378 0.0179969 0.0588235
2 0.583333 0.461134 0.0179969 0.0651261
2 0.600939 0.430672 0.0312989 0.0630252
2 0.484351 0.472689 0.0516432 0.0840336
0 0.71518 0.505252 0.0172144 0.111345
0 0.769562 0.534664 0.013302 0.102941
2 0.567684 0.467437 0.0336463 0.0693277
2 0.629108 0.45063 0.029734 0.0861345
0 0.811033 0.545168 0.0211268 0.165966
0 0.438967 0.657563 0.0406886 0.277311
2 0.540689 0.507353 0.056338 0.111345
