2 0.559468 0.221639 0.029734 0.0483193
2 0.786776 0.257353 0.0461659 0.0483193
2 0.732003 0.264706 0.0352113 0.0714286
2 0.425665 0.257353 0.029734 0.0609244
2 0.0946792 0.316176 0.0469484 0.0945378
2 0.495696 0.241597 0.0305164 0.0336134
2 0.521518 0.256303 0.0242567 0.0588235
2 0.379108 0.30042 0.0242567 0.0714286
2 0.331768 0.344538 0.0391236 0.092437
0 0.157277 0.347689 0.0140845 0.102941
2 0.461659 0.222689 0.0250391 0.0420168
2 0.740219 0.265756 0.0516432 0.0735294
9 0.818858 0.0504202 0.0289515 0.0840336
2 0.543427 0.269958 0.0289515 0.052521
2 0.2723 0.380252 0.0938967 0.180672
2 0.428013 0.246849 0.0266041 0.052521
2 0.757433 0.307773 0.0547731 0.0987395
2 0.917058 0.253151 0.029734 0.0567227
2 0.356416 0.311975 0.041471 0.0903361
0 0.778951 0.34874 0.0195618 0.138655
2 0.327074 0.345588 0.0485133 0.107143
0 0.979264 0.434874 0.0289515 0.201681
0 0.148279 0.659664 0.0492958 0.344538
2 0.608372 0.309874 0.043036 0.0861345
