0 0.342332 0.447479 0.0258216 0.138655
2 0.510955 0.459034 0.0187793 0.0651261
2 0.586463 0.453782 0.014867 0.0504202
2 0.514085 0.457983 0.0172144 0.0588235
2 0.586463 0.455882 0.0179969 0.0588235
2 0.599374 0.432773 0.0328638 0.0630252
2 0.588419 0.448529 0.0172144 0.0651261
0 0.769562 0.530462 0.014867 0.111345
2 0.629108 0.44958 0.029734 0.0840336
0 0.64554 0.587185 0.0266041 0.207983
0 0.741393 0.532563 0.0242567 0.161765
2 0.555164 0.485294 0.0446009 0.0966387
0 0.812598 0.546219 0.0226917 0.163866
