2 0.592723 0.435924 0.0258216 0.0609244
2 0.546948 0.477941 0.0547731 0.0903361
7 0.932316 0.643908 0.135368 0.329832
2 0.561815 0.483193 0.0328638 0.0966387
0 0.0594679 0.557773 0.0250391 0.186975
2 0.589202 0.439076 0.0203443 0.0588235
0 0.071205 0.563025 0.0344288 0.189076
0 0.710485 0.486345 0.0125196 0.107143
0 0.769562 0.521008 0.014867 0.113445
7 0.346635 0.643908 0.276995 0.460084
2 0.932707 0.641807 0.134585 0.329832
2 0.629108 0.444328 0.029734 0.0861345
2 0.566119 0.472689 0.0336463 0.0840336
2 0.347027 0.646008 0.276213 0.464286
2 0.542253 0.494748 0.0547731 0.119748
0 0.811033 0.531513 0.0211268 0.159664
