2 0.782864 0.260504 0.0524257 0.0672269
2 0.559468 0.221639 0.029734 0.0483193
2 0.494914 0.241597 0.0320814 0.0336134
2 0.0946792 0.316176 0.0469484 0.0903361
2 0.378717 0.30042 0.0234742 0.0714286
2 0.426448 0.256303 0.029734 0.0630252
2 0.734742 0.264706 0.0391236 0.0714286
2 0.520736 0.255252 0.0242567 0.0609244
2 0.461659 0.222689 0.0250391 0.0420168
2 0.33216 0.344538 0.0383412 0.092437
0 0.157277 0.34874 0.0156495 0.105042
9 0.818466 0.0504202 0.029734 0.0840336
2 0.542645 0.268908 0.0289515 0.0546218
2 0.271127 0.379202 0.0915493 0.17437
2 0.428013 0.246849 0.0266041 0.052521
2 0.756651 0.306723 0.0532081 0.10084
2 0.917058 0.253151 0.029734 0.0567227
0 0.77856 0.34979 0.0187793 0.136555
2 0.356416 0.311975 0.041471 0.0903361
2 0.327465 0.345588 0.0477308 0.107143
0 0.981221 0.435924 0.029734 0.195378
0 0.152582 0.660714 0.0469484 0.342437
2 0.607981 0.308824 0.0406886 0.0882353
