2 0.596244 0.429622 0.0172144 0.0483193
2 0.605634 0.42437 0.0203443 0.0504202
0 0.805556 0.516807 0.014867 0.151261
0 0.802817 0.52521 0.0203443 0.172269
2 0.590767 0.441176 0.0172144 0.0546218
0 0.425665 0.483193 0.0156495 0.142857
2 0.574335 0.465336 0.0219092 0.0777311
2 0.578638 0.454832 0.0305164 0.0693277
0 0.769953 0.516807 0.0156495 0.113445
2 0.628717 0.440126 0.0305164 0.0861345
2 0.530125 0.483193 0.0680751 0.155462
1 0.143975 0.821429 0.140845 0.268908
0 0.1518 0.682773 0.086072 0.39916
