2 0.587246 0.443277 0.0273865 0.0714286
2 0.482003 0.459034 0.0312989 0.0777311
2 0.483568 0.457983 0.0469484 0.0714286
0 0.431925 0.478992 0.0187793 0.130252
2 0.60759 0.420168 0.0164319 0.0420168
2 0.592332 0.430672 0.0203443 0.0546218
3 0.379108 0.608193 0.0320814 0.128151
0 0.436228 0.486345 0.0195618 0.119748
2 0.510955 0.447479 0.0234742 0.0630252
0 0.769953 0.516807 0.0156495 0.113445
2 0.584507 0.448529 0.0219092 0.0651261
2 0.628717 0.439076 0.0305164 0.0882353
0 0.380673 0.539916 0.0320814 0.218487
2 0.549296 0.462185 0.0532081 0.12605
