2 0.559077 0.221639 0.0305164 0.0483193
2 0.425665 0.256303 0.029734 0.0630252
2 0.379108 0.302521 0.0226917 0.0714286
2 0.573552 0.272059 0.0391236 0.052521
2 0.870501 0.260504 0.0320814 0.0420168
2 0.520344 0.256303 0.0250391 0.0504202
2 0.0950704 0.317227 0.0477308 0.0966387
2 0.494131 0.245798 0.0336463 0.0336134
2 0.462441 0.222689 0.0266041 0.0420168
2 0.787559 0.268908 0.0477308 0.0714286
2 0.33216 0.344538 0.0383412 0.092437
9 0.818858 0.052521 0.0289515 0.0840336
2 0.741784 0.259454 0.0532081 0.0651261
0 0.156886 0.34979 0.014867 0.102941
2 0.428013 0.246849 0.0266041 0.052521
2 0.273083 0.378151 0.0954617 0.176471
2 0.541471 0.266807 0.029734 0.0546218
2 0.917058 0.253151 0.029734 0.0567227
0 0.777778 0.35084 0.0172144 0.130252
2 0.356416 0.311975 0.041471 0.0903361
2 0.756651 0.308824 0.0532081 0.0966387
2 0.327856 0.346639 0.0469484 0.109244
0 0.982786 0.438025 0.0312989 0.19958
2 0.605243 0.305672 0.041471 0.0861345
0 0.156495 0.657563 0.0485133 0.340336
