2 0.59507 0.407563 0.013302 0.0378151
0 0.340376 0.456933 0.0219092 0.140756
0 0.667058 0.476891 0.0101721 0.0798319
0 0.649844 0.5 0.0195618 0.092437
26 0.0535994 0.698529 0.0289515 0.212185
0 0.668623 0.45063 0.0101721 0.052521
26 0.0547731 0.747899 0.0266041 0.113445
2 0.482394 0.454832 0.0539906 0.0819328
2 0.510955 0.446429 0.0250391 0.0651261
0 0.799296 0.52416 0.0352113 0.186975
7 0.552426 0.402311 0.0391236 0.0861345
2 0.605634 0.408613 0.0140845 0.0357143
2 0.628326 0.434874 0.0312989 0.092437
0 0.0285603 0.702731 0.0571205 0.418067
