0 0.649844 0.5 0.0195618 0.092437
0 0.667058 0.478992 0.0101721 0.0798319
0 0.340767 0.456933 0.0226917 0.140756
26 0.0535994 0.698529 0.0289515 0.212185
0 0.668623 0.44958 0.0101721 0.0504202
26 0.0547731 0.747899 0.0266041 0.113445
2 0.482394 0.454832 0.0539906 0.0819328
2 0.511346 0.446429 0.0242567 0.0651261
0 0.799687 0.523109 0.0359937 0.189076
7 0.552426 0.402311 0.0391236 0.0861345
2 0.606416 0.408613 0.0140845 0.0357143
2 0.628326 0.434874 0.0312989 0.092437
0 0.0285603 0.702731 0.0571205 0.418067
