2 0.510563 0.446429 0.0195618 0.0651261
7 0.552426 0.415966 0.0328638 0.0588235
2 0.514085 0.444328 0.0219092 0.0609244
2 0.600939 0.411765 0.0250391 0.0462185
2 0.484351 0.452731 0.0500782 0.0861345
0 0.70892 0.494748 0.0172144 0.0945378
0 0.768779 0.508403 0.0179969 0.113445
7 0.552034 0.402311 0.0367762 0.0861345
2 0.628326 0.431723 0.0328638 0.0903361
0 0.663928 0.531513 0.0383412 0.210084
0 0.284429 0.488445 0.0211268 0.136555
0 0.302817 0.487395 0.0172144 0.130252
0 0.746088 0.540966 0.0226917 0.161765
