2 0.559468 0.221639 0.029734 0.0483193
2 0.57277 0.271008 0.0375587 0.0546218
2 0.425665 0.256303 0.029734 0.0630252
2 0.870501 0.260504 0.0320814 0.0420168
2 0.520344 0.257353 0.0234742 0.052521
2 0.379108 0.302521 0.0226917 0.0714286
2 0.462441 0.222689 0.0266041 0.0420168
2 0.494523 0.244748 0.0344288 0.0315126
2 0.789515 0.271008 0.0438185 0.0714286
2 0.0950704 0.317227 0.0477308 0.0966387
2 0.332551 0.344538 0.0375587 0.092437
9 0.818858 0.0514706 0.0289515 0.0861345
2 0.742958 0.260504 0.0555556 0.0672269
0 0.156495 0.34874 0.0156495 0.105042
2 0.428013 0.246849 0.0266041 0.052521
2 0.756651 0.308824 0.0532081 0.0966387
2 0.917058 0.253151 0.029734 0.0567227
2 0.272692 0.380252 0.0946792 0.180672
2 0.541471 0.266807 0.029734 0.0546218
0 0.777778 0.35084 0.0172144 0.130252
2 0.356416 0.311975 0.041471 0.0903361
2 0.327856 0.346639 0.0469484 0.109244
0 0.983959 0.438025 0.0305164 0.203782
2 0.60446 0.306723 0.041471 0.0840336
0 0.160798 0.657563 0.0539906 0.340336
