0 0.726526 0.505252 0.0211268 0.170168
0 0.728873 0.554622 0.0226917 0.147059
0 0.771127 0.515756 0.0179969 0.0987395
7 0.967527 0.468487 0.0633803 0.42437
0 0.702269 0.480042 0.0195618 0.0945378
2 0.510955 0.444328 0.0172144 0.0609244
2 0.509781 0.435924 0.0195618 0.052521
2 0.482003 0.452731 0.0532081 0.0861345
0 0.793818 0.510504 0.0211268 0.180672
0 0.725743 0.484244 0.0211268 0.115546
5 0.96831 0.471639 0.0633803 0.430672
7 0.552426 0.40021 0.0359937 0.0861345
0 0.928012 0.592437 0.0266041 0.218487
0 0.244523 0.49895 0.0211268 0.144958
2 0.600939 0.411765 0.0250391 0.0462185
2 0.628717 0.433824 0.0320814 0.0945378
0 0.728482 0.527311 0.0250391 0.201681
0 0.258607 0.494748 0.0211268 0.153361
