0 0.967527 0.694328 0.0586854 0.321429
0 0.956182 0.761555 0.084507 0.418067
0 0.796948 0.514706 0.0289515 0.197479
2 0.510563 0.446429 0.0211268 0.0651261
2 0.481612 0.452731 0.0555556 0.0861345
0 0.769953 0.512605 0.0156495 0.109244
0 0.836463 0.521008 0.0266041 0.151261
7 0.552426 0.402311 0.0375587 0.0861345
2 0.604069 0.410714 0.0203443 0.039916
2 0.627934 0.434874 0.0320814 0.092437
0 0.976526 0.777311 0.0469484 0.411765
0 0.191315 0.577731 0.0273865 0.193277
2 0.306338 0.75 0.290297 0.415966
