2 0.514476 0.445378 0.0211268 0.0588235
2 0.693271 0.465336 0.0140845 0.0609244
2 0.482786 0.454832 0.0500782 0.0819328
0 0.0402973 0.563025 0.0211268 0.222689
0 0.0359937 0.561975 0.0328638 0.22479
2 0.510955 0.445378 0.0187793 0.0630252
0 0.0301252 0.564076 0.0305164 0.228992
0 0.8259 0.519958 0.0258216 0.170168
0 0.750391 0.510504 0.0234742 0.147059
2 0.604851 0.410714 0.0187793 0.0357143
2 0.627934 0.434874 0.0320814 0.092437
0 0.0109546 0.553571 0.0219092 0.241597
2 0.549296 0.471639 0.0453834 0.0861345
0 0.302034 0.537815 0.028169 0.180672
