2 0.573552 0.271008 0.0391236 0.0546218
2 0.425274 0.256303 0.0305164 0.0630252
2 0.790689 0.272059 0.0492958 0.0777311
2 0.379108 0.301471 0.0226917 0.0693277
2 0.87011 0.260504 0.0328638 0.0420168
2 0.520344 0.257353 0.0234742 0.052521
2 0.494131 0.244748 0.0352113 0.0315126
2 0.462441 0.222689 0.0266041 0.0420168
2 0.0950704 0.316176 0.0477308 0.0945378
2 0.33216 0.344538 0.0383412 0.092437
2 0.79734 0.271008 0.0406886 0.0672269
9 0.819249 0.052521 0.029734 0.0882353
0 0.156495 0.34979 0.0156495 0.102941
2 0.744131 0.259454 0.057903 0.0693277
2 0.757433 0.309874 0.0547731 0.0945378
2 0.428013 0.246849 0.0266041 0.052521
2 0.917058 0.253151 0.029734 0.0567227
2 0.272692 0.380252 0.0946792 0.180672
2 0.541471 0.266807 0.029734 0.0546218
0 0.777778 0.35084 0.0172144 0.130252
2 0.356416 0.311975 0.041471 0.0903361
2 0.327465 0.346639 0.0477308 0.109244
0 0.983959 0.439076 0.0305164 0.201681
2 0.602895 0.306723 0.043036 0.0840336
0 0.165493 0.658613 0.0602504 0.338235
