2 0.510563 0.445378 0.0195618 0.0672269
7 0.552034 0.418067 0.0320814 0.0546218
2 0.513693 0.444328 0.0211268 0.0609244
2 0.60133 0.411765 0.0258216 0.0462185
2 0.484351 0.452731 0.0500782 0.0861345
0 0.70892 0.494748 0.0172144 0.0945378
7 0.552034 0.40126 0.0367762 0.0882353
0 0.768779 0.508403 0.0179969 0.113445
2 0.628326 0.431723 0.0328638 0.0903361
0 0.663928 0.531513 0.0383412 0.210084
0 0.284429 0.488445 0.0211268 0.136555
0 0.302817 0.486345 0.0172144 0.132353
0 0.746088 0.540966 0.0226917 0.161765
