2 0.765649 0.307773 0.07277 0.102941
2 0.800861 0.266807 0.0336463 0.0546218
2 0.425274 0.256303 0.0305164 0.0630252
2 0.573552 0.271008 0.0406886 0.0546218
2 0.49374 0.246849 0.0359937 0.0357143
2 0.379108 0.301471 0.0226917 0.0693277
2 0.87011 0.260504 0.0328638 0.0420168
2 0.462441 0.222689 0.0266041 0.0420168
2 0.0950704 0.317227 0.0477308 0.092437
2 0.519953 0.257353 0.0242567 0.052521
9 0.818858 0.052521 0.0289515 0.0882353
0 0.155712 0.34874 0.0156495 0.10084
2 0.757825 0.309874 0.0555556 0.0945378
2 0.744914 0.258403 0.0594679 0.0714286
2 0.541471 0.266807 0.029734 0.0546218
2 0.428013 0.246849 0.0266041 0.052521
2 0.272692 0.379202 0.0946792 0.178571
2 0.917058 0.253151 0.029734 0.0567227
0 0.776995 0.34979 0.0187793 0.132353
2 0.356416 0.311975 0.041471 0.0903361
2 0.327856 0.346639 0.0469484 0.109244
0 0.984742 0.440126 0.0289515 0.19958
2 0.602113 0.305672 0.043036 0.0777311
0 0.166667 0.659664 0.0610329 0.340336
