2 0.492566 0.242647 0.0352113 0.0315126
2 0.559077 0.221639 0.0305164 0.0483193
2 0.425665 0.256303 0.029734 0.0630252
2 0.378717 0.302521 0.0219092 0.0714286
0 0.15493 0.34874 0.0156495 0.10084
2 0.87011 0.260504 0.0328638 0.0420168
2 0.462441 0.222689 0.0266041 0.0420168
2 0.795383 0.268908 0.0492958 0.0672269
2 0.519953 0.255252 0.0242567 0.052521
5 0.962833 0.218487 0.07277 0.336134
2 0.0946792 0.316176 0.0469484 0.0945378
9 0.818858 0.052521 0.0289515 0.0882353
2 0.745305 0.257353 0.0602504 0.0735294
2 0.757433 0.309874 0.0547731 0.0945378
2 0.540689 0.266807 0.029734 0.0546218
2 0.272692 0.380252 0.0946792 0.180672
2 0.428013 0.246849 0.0266041 0.052521
0 0.776995 0.34979 0.0187793 0.132353
2 0.917058 0.253151 0.029734 0.0567227
0 0.985524 0.446429 0.0273865 0.186975
2 0.356416 0.311975 0.041471 0.0903361
2 0.327856 0.346639 0.0469484 0.109244
2 0.602113 0.303571 0.0399061 0.0735294
0 0.170188 0.663866 0.0649452 0.340336
