2 0.559468 0.221639 0.029734 0.0483193
2 0.425665 0.256303 0.029734 0.0630252
2 0.492175 0.240546 0.0344288 0.0315126
2 0.378326 0.302521 0.0211268 0.0714286
2 0.46205 0.222689 0.0258216 0.0420168
2 0.520344 0.254202 0.0234742 0.0504202
2 0.79421 0.267857 0.0453834 0.0609244
2 0.87011 0.260504 0.0328638 0.0420168
5 0.962441 0.218487 0.0735524 0.336134
2 0.0946792 0.316176 0.0469484 0.0945378
0 0.154147 0.347689 0.0156495 0.0987395
9 0.818858 0.052521 0.0289515 0.0882353
2 0.746088 0.257353 0.0618153 0.0735294
2 0.757433 0.309874 0.0547731 0.0945378
2 0.540689 0.266807 0.029734 0.0546218
2 0.273083 0.378151 0.0954617 0.176471
0 0.776604 0.34874 0.0195618 0.130252
2 0.428013 0.246849 0.0266041 0.052521
0 0.986307 0.447479 0.0258216 0.189076
2 0.917058 0.253151 0.029734 0.0567227
2 0.356416 0.311975 0.041471 0.0903361
2 0.327856 0.345588 0.0469484 0.107143
2 0.60133 0.301471 0.0383412 0.0735294
0 0.170579 0.663866 0.0657277 0.340336
