2 0.75626 0.284664 0.0555556 0.0693277
2 0.425274 0.257353 0.0289515 0.0609244
2 0.730438 0.257353 0.0352113 0.052521
2 0.792253 0.260504 0.0383412 0.0462185
2 0.773474 0.310924 0.0884194 0.105042
2 0.742175 0.256303 0.0571205 0.0630252
0 0.948748 0.408613 0.0336463 0.216387
2 0.461268 0.221639 0.0242567 0.0441176
9 0.818858 0.0514706 0.0289515 0.0819328
2 0.0942879 0.316176 0.0477308 0.0945378
2 0.762128 0.307773 0.0641628 0.0987395
2 0.548905 0.281513 0.0352113 0.0672269
2 0.917449 0.253151 0.0305164 0.0567227
2 0.428013 0.245798 0.0266041 0.0504202
2 0.663537 0.273109 0.0657277 0.0546218
2 0.272692 0.379202 0.0946792 0.178571
2 0.356416 0.311975 0.041471 0.0903361
2 0.327074 0.345588 0.0485133 0.107143
0 0.784038 0.351891 0.0203443 0.144958
0 0.951878 0.42542 0.0305164 0.186975
2 0.62989 0.346639 0.056338 0.105042
0 0.086072 0.67437 0.0422535 0.34874
