2 0.559077 0.221639 0.0305164 0.0483193
2 0.492175 0.240546 0.0344288 0.0315126
2 0.425665 0.256303 0.029734 0.0630252
2 0.379499 0.302521 0.0219092 0.0714286
2 0.794601 0.265756 0.0399061 0.052521
5 0.962441 0.218487 0.0735524 0.336134
2 0.46205 0.222689 0.0258216 0.0420168
2 0.870501 0.260504 0.0320814 0.0420168
0 0.153756 0.344538 0.014867 0.092437
2 0.519953 0.254202 0.0242567 0.0504202
2 0.0946792 0.316176 0.0469484 0.0945378
9 0.818858 0.0514706 0.0289515 0.0861345
2 0.758216 0.310924 0.056338 0.0966387
2 0.745696 0.257353 0.0610329 0.0735294
2 0.540689 0.266807 0.029734 0.0546218
2 0.2723 0.380252 0.0938967 0.180672
0 0.776213 0.347689 0.0187793 0.128151
2 0.428013 0.245798 0.0266041 0.0504202
2 0.917058 0.253151 0.029734 0.0567227
2 0.356416 0.311975 0.041471 0.0903361
0 0.98748 0.445378 0.0234742 0.189076
2 0.327856 0.346639 0.0469484 0.109244
2 0.600939 0.29937 0.0375587 0.0735294
0 0.171753 0.664916 0.0665102 0.338235
