2 0.425665 0.256303 0.029734 0.0630252
2 0.778169 0.30042 0.099374 0.113445
2 0.867762 0.262605 0.0422535 0.0504202
2 0.46205 0.222689 0.0258216 0.0420168
0 0.153756 0.34874 0.014867 0.10084
2 0.379108 0.302521 0.0211268 0.0714286
2 0.519562 0.252101 0.0234742 0.0504202
2 0.74061 0.262605 0.0524257 0.0588235
5 0.962441 0.218487 0.0735524 0.336134
2 0.870892 0.260504 0.0328638 0.0420168
2 0.0942879 0.316176 0.0477308 0.0945378
2 0.758607 0.309874 0.0571205 0.0945378
9 0.818858 0.052521 0.0289515 0.0882353
2 0.747261 0.257353 0.0641628 0.0735294
2 0.540297 0.265756 0.0289515 0.052521
0 0.776213 0.347689 0.0187793 0.128151
0 0.988654 0.447479 0.0226917 0.189076
2 0.273083 0.377101 0.0954617 0.178571
2 0.428013 0.246849 0.0266041 0.052521
2 0.917058 0.253151 0.029734 0.0567227
0 0.174491 0.662815 0.0641628 0.342437
2 0.356416 0.311975 0.041471 0.0903361
2 0.327465 0.346639 0.0477308 0.109244
2 0.600156 0.30042 0.0375587 0.0756303
