2 0.426056 0.256303 0.0289515 0.0630252
2 0.797731 0.272059 0.0477308 0.0693277
2 0.46205 0.223739 0.0258216 0.0441176
0 0.153756 0.346639 0.014867 0.10084
2 0.779734 0.30042 0.100939 0.113445
2 0.379499 0.301471 0.0219092 0.0693277
2 0.739828 0.262605 0.0508607 0.0588235
2 0.519562 0.25 0.0234742 0.0504202
2 0.0942879 0.315126 0.0477308 0.0966387
2 0.870501 0.262605 0.0352113 0.0504202
5 0.962441 0.218487 0.0735524 0.336134
2 0.758998 0.309874 0.057903 0.0945378
9 0.818858 0.052521 0.0289515 0.0882353
2 0.744523 0.258403 0.0586854 0.0714286
0 0.775822 0.345588 0.0195618 0.132353
2 0.540297 0.265756 0.0289515 0.052521
2 0.273083 0.377101 0.0954617 0.178571
0 0.990219 0.446429 0.0195618 0.195378
2 0.428013 0.245798 0.0266041 0.0504202
2 0.917058 0.253151 0.029734 0.0567227
2 0.356416 0.311975 0.041471 0.0903361
2 0.327856 0.346639 0.0469484 0.109244
0 0.173318 0.663866 0.0665102 0.340336
2 0.599765 0.29937 0.0383412 0.0735294
