0 0.153365 0.344538 0.0156495 0.0966387
2 0.425665 0.256303 0.0312989 0.0630252
2 0.568075 0.271008 0.0344288 0.0588235
2 0.461659 0.223739 0.0250391 0.0441176
5 0.962441 0.218487 0.0735524 0.336134
2 0.779734 0.298319 0.100939 0.113445
2 0.519562 0.24895 0.0234742 0.0483193
2 0.379499 0.30042 0.0219092 0.0714286
2 0.739828 0.262605 0.0508607 0.0588235
2 0.870892 0.263655 0.0344288 0.052521
2 0.0942879 0.315126 0.0477308 0.0966387
2 0.33216 0.344538 0.0383412 0.092437
2 0.759781 0.309874 0.0594679 0.0987395
9 0.818858 0.0514706 0.0289515 0.0861345
2 0.744914 0.258403 0.0594679 0.0714286
0 0.775039 0.343487 0.0195618 0.132353
2 0.539906 0.265756 0.028169 0.052521
2 0.273083 0.378151 0.0954617 0.180672
2 0.428013 0.245798 0.0266041 0.0504202
2 0.917058 0.253151 0.029734 0.0567227
0 0.991002 0.448529 0.0179969 0.195378
2 0.356416 0.311975 0.041471 0.0903361
2 0.327465 0.346639 0.0477308 0.109244
0 0.178795 0.661765 0.0539906 0.340336
2 0.598983 0.298319 0.0383412 0.0714286
