2 0.45892 0.230042 0.0273865 0.0441176
2 0.776995 0.298319 0.0954617 0.109244
2 0.758998 0.282563 0.0704225 0.0987395
2 0.559077 0.221639 0.0289515 0.0483193
2 0.485915 0.244748 0.0312989 0.0273109
2 0.568075 0.27521 0.0328638 0.0630252
0 0.154147 0.343487 0.0172144 0.0945378
2 0.873631 0.266807 0.0289515 0.0588235
2 0.426839 0.253151 0.0289515 0.0651261
2 0.461659 0.223739 0.0250391 0.0441176
2 0.378717 0.30042 0.0219092 0.0714286
2 0.739437 0.262605 0.0500782 0.0588235
2 0.519171 0.25105 0.0242567 0.0483193
2 0.86072 0.273109 0.029734 0.0672269
2 0.0942879 0.316176 0.0477308 0.0987395
2 0.759781 0.308824 0.0594679 0.10084
0 0.991393 0.453782 0.0172144 0.214286
9 0.818858 0.0514706 0.0289515 0.0861345
5 0.962441 0.219538 0.0735524 0.338235
2 0.745305 0.258403 0.0602504 0.0714286
0 0.775039 0.343487 0.0179969 0.132353
2 0.539906 0.265756 0.028169 0.052521
2 0.273083 0.377101 0.0954617 0.178571
2 0.428404 0.246849 0.0273865 0.052521
2 0.917058 0.253151 0.029734 0.0567227
2 0.356416 0.311975 0.041471 0.0903361
2 0.327465 0.346639 0.0477308 0.109244
0 0.180751 0.656513 0.0469484 0.346639
2 0.597809 0.297269 0.0391236 0.0693277
