2 0.485133 0.242647 0.029734 0.0273109
2 0.459311 0.230042 0.0266041 0.0441176
2 0.566901 0.277311 0.0320814 0.0672269
0 0.152973 0.343487 0.0179969 0.0945378
2 0.772692 0.267857 0.0837246 0.0735294
2 0.559077 0.221639 0.0289515 0.0483193
2 0.776213 0.30042 0.0954617 0.105042
2 0.872457 0.269958 0.0312989 0.0651261
2 0.426448 0.253151 0.029734 0.0651261
2 0.738654 0.263655 0.0485133 0.0567227
2 0.461659 0.223739 0.0250391 0.0441176
2 0.378717 0.30042 0.0219092 0.0714286
2 0.519171 0.253151 0.0242567 0.0483193
2 0.760955 0.308824 0.0618153 0.10084
0 0.991002 0.453782 0.0179969 0.205882
2 0.866197 0.27416 0.0406886 0.0693277
2 0.0942879 0.316176 0.0477308 0.0987395
9 0.818858 0.052521 0.0289515 0.0840336
2 0.744914 0.258403 0.0594679 0.0714286
5 0.962441 0.218487 0.0735524 0.340336
2 0.539906 0.266807 0.028169 0.0504202
2 0.272692 0.379202 0.0946792 0.182773
0 0.774257 0.343487 0.0195618 0.132353
2 0.428404 0.245798 0.0273865 0.0504202
2 0.917058 0.253151 0.029734 0.0567227
2 0.356416 0.311975 0.041471 0.0903361
2 0.327856 0.346639 0.0469484 0.109244
0 0.185837 0.655462 0.0477308 0.34874
2 0.597418 0.296218 0.0383412 0.0672269
