2 0.485133 0.242647 0.029734 0.0273109
2 0.775822 0.265756 0.0774648 0.0693277
2 0.761346 0.295168 0.0688576 0.107143
0 0.152582 0.343487 0.0172144 0.0945378
2 0.774257 0.301471 0.0931142 0.102941
2 0.559077 0.221639 0.0289515 0.0483193
2 0.459311 0.230042 0.0266041 0.0441176
2 0.566901 0.277311 0.0305164 0.0672269
2 0.738263 0.263655 0.0477308 0.0567227
2 0.426839 0.253151 0.0305164 0.0651261
2 0.461268 0.223739 0.0242567 0.0441176
2 0.378717 0.30042 0.0219092 0.0714286
2 0.519171 0.253151 0.0242567 0.0483193
0 0.991002 0.453782 0.0179969 0.205882
2 0.760172 0.309874 0.0602504 0.0945378
2 0.744131 0.258403 0.057903 0.0714286
9 0.818858 0.052521 0.0289515 0.0840336
2 0.0942879 0.316176 0.0477308 0.0987395
2 0.865415 0.27416 0.0422535 0.0693277
5 0.962441 0.219538 0.0735524 0.338235
2 0.539906 0.264706 0.028169 0.0504202
2 0.272692 0.379202 0.0946792 0.182773
2 0.428404 0.246849 0.0273865 0.052521
0 0.774648 0.342437 0.0187793 0.130252
2 0.916667 0.253151 0.0305164 0.0567227
2 0.356416 0.311975 0.041471 0.0903361
2 0.327856 0.346639 0.0469484 0.109244
0 0.188967 0.655462 0.041471 0.34874
2 0.596244 0.295168 0.0391236 0.0693277
