0 0.99061 0.432773 0.0187793 0.147059
2 0.424883 0.256303 0.0328638 0.0630252
2 0.559077 0.221639 0.0289515 0.0483193
2 0.566119 0.279412 0.0289515 0.0672269
2 0.461268 0.22479 0.0242567 0.0462185
2 0.459311 0.232143 0.0266041 0.0441176
2 0.484351 0.241597 0.029734 0.0294118
2 0.739828 0.263655 0.0508607 0.0567227
2 0.766432 0.301471 0.0758998 0.115546
2 0.378717 0.30042 0.0219092 0.0714286
0 0.99061 0.459034 0.0187793 0.212185
2 0.519171 0.254202 0.0242567 0.0504202
2 0.863067 0.27626 0.0485133 0.0693277
2 0.760563 0.308824 0.0610329 0.0966387
2 0.869718 0.27416 0.0336463 0.0735294
9 0.818858 0.052521 0.0289515 0.0840336
2 0.0942879 0.315126 0.0477308 0.0966387
2 0.744523 0.258403 0.0586854 0.0714286
2 0.539906 0.264706 0.028169 0.0504202
5 0.962441 0.219538 0.0735524 0.338235
2 0.428404 0.246849 0.0273865 0.052521
0 0.774648 0.342437 0.0187793 0.134454
2 0.272692 0.379202 0.0946792 0.182773
2 0.916667 0.253151 0.0305164 0.0567227
2 0.356416 0.311975 0.041471 0.0903361
2 0.327465 0.346639 0.0477308 0.109244
0 0.190923 0.655462 0.0406886 0.34874
2 0.59507 0.293067 0.0399061 0.0693277
