2 0.787559 0.264706 0.0477308 0.0504202
2 0.461268 0.22584 0.0242567 0.0483193
2 0.425274 0.257353 0.0320814 0.0609244
2 0.559077 0.221639 0.0289515 0.0483193
0 0.99061 0.463235 0.0187793 0.203782
2 0.459311 0.231092 0.0266041 0.0462185
2 0.767214 0.301471 0.0774648 0.115546
2 0.740219 0.262605 0.0516432 0.0588235
2 0.565728 0.280462 0.028169 0.0693277
2 0.483959 0.239496 0.0289515 0.0294118
2 0.378717 0.30042 0.0219092 0.0714286
2 0.519171 0.256303 0.0242567 0.0504202
2 0.760563 0.309874 0.0610329 0.0945378
2 0.0942879 0.316176 0.0477308 0.0945378
9 0.818858 0.052521 0.0289515 0.0840336
2 0.868153 0.27416 0.0524257 0.0693277
2 0.744523 0.257353 0.0586854 0.0735294
2 0.539515 0.264706 0.0273865 0.0504202
5 0.962441 0.219538 0.0735524 0.338235
2 0.272692 0.377101 0.0946792 0.178571
2 0.428404 0.246849 0.0273865 0.052521
2 0.916667 0.252101 0.0305164 0.0546218
2 0.356416 0.311975 0.041471 0.0903361
2 0.327465 0.345588 0.0477308 0.107143
0 0.774257 0.342437 0.0195618 0.130252
0 0.196401 0.654412 0.0391236 0.35084
2 0.593506 0.290966 0.0383412 0.0693277
