2 0.461268 0.226891 0.0242567 0.0462185
2 0.78795 0.263655 0.0469484 0.0483193
0 0.991002 0.438025 0.0179969 0.14916
2 0.762911 0.303571 0.0688576 0.111345
2 0.425274 0.257353 0.0320814 0.0609244
2 0.558685 0.221639 0.028169 0.0483193
2 0.45892 0.232143 0.0258216 0.0441176
2 0.483177 0.239496 0.0289515 0.0294118
2 0.378717 0.30042 0.0219092 0.0714286
2 0.518779 0.256303 0.0250391 0.0546218
2 0.758607 0.310924 0.0571205 0.092437
2 0.0946792 0.316176 0.0469484 0.0945378
9 0.818858 0.0514706 0.0289515 0.0861345
2 0.74374 0.258403 0.0586854 0.0714286
2 0.539515 0.263655 0.0273865 0.052521
2 0.87011 0.27416 0.0610329 0.0693277
5 0.962441 0.218487 0.0735524 0.336134
2 0.273083 0.377101 0.0954617 0.178571
2 0.428013 0.246849 0.0266041 0.052521
2 0.356416 0.311975 0.041471 0.0903361
2 0.917058 0.253151 0.029734 0.0567227
0 0.774648 0.341387 0.0203443 0.132353
2 0.327465 0.345588 0.0477308 0.107143
0 0.199531 0.653361 0.0406886 0.34874
2 0.593506 0.288866 0.0383412 0.0693277
