2 0.75626 0.283613 0.0555556 0.0672269
2 0.426056 0.256303 0.0289515 0.0630252
2 0.729264 0.257353 0.0328638 0.052521
2 0.792253 0.260504 0.0383412 0.0462185
2 0.776604 0.310924 0.0946792 0.105042
2 0.742175 0.258403 0.0571205 0.0630252
0 0.946792 0.39916 0.0359937 0.231092
2 0.0942879 0.315126 0.0477308 0.0966387
2 0.461268 0.221639 0.0242567 0.0441176
9 0.818858 0.0514706 0.0289515 0.0819328
2 0.760955 0.309874 0.0618153 0.0987395
2 0.548122 0.281513 0.0352113 0.0672269
2 0.663928 0.27416 0.0633803 0.0567227
2 0.917449 0.253151 0.0305164 0.0567227
2 0.428013 0.245798 0.0266041 0.0504202
2 0.272692 0.379202 0.0946792 0.178571
2 0.356416 0.311975 0.041471 0.0903361
0 0.951878 0.417017 0.0305164 0.195378
2 0.327074 0.345588 0.0485133 0.107143
0 0.784038 0.351891 0.0203443 0.144958
2 0.627934 0.345588 0.0555556 0.102941
0 0.0888106 0.673319 0.0446009 0.346639
