2 0.762911 0.30042 0.0688576 0.113445
2 0.458529 0.233193 0.0250391 0.0420168
2 0.788732 0.262605 0.0438185 0.0462185
2 0.424883 0.257353 0.0312989 0.0609244
2 0.559077 0.221639 0.0289515 0.0483193
2 0.483177 0.240546 0.0273865 0.0315126
2 0.378717 0.30042 0.0219092 0.0714286
2 0.871283 0.27416 0.0618153 0.0693277
2 0.518779 0.256303 0.0250391 0.0546218
2 0.758998 0.310924 0.057903 0.092437
9 0.818858 0.0504202 0.0289515 0.0840336
2 0.0946792 0.316176 0.0469484 0.0945378
2 0.540297 0.261555 0.0258216 0.052521
2 0.744131 0.257353 0.0594679 0.0735294
5 0.962441 0.218487 0.0735524 0.336134
2 0.272692 0.380252 0.0946792 0.180672
2 0.916667 0.255252 0.0305164 0.0567227
2 0.428013 0.246849 0.0266041 0.052521
0 0.774648 0.341387 0.0203443 0.132353
2 0.356416 0.311975 0.041471 0.0903361
2 0.327856 0.345588 0.0469484 0.107143
0 0.20266 0.655462 0.0438185 0.34874
2 0.592723 0.287815 0.0367762 0.0714286
