2 0.518388 0.265756 0.0242567 0.0483193
2 0.424883 0.257353 0.0312989 0.0609244
2 0.458138 0.235294 0.0258216 0.0378151
2 0.789515 0.262605 0.0422535 0.0462185
2 0.559468 0.220588 0.029734 0.0504202
2 0.378717 0.30042 0.0219092 0.0714286
2 0.482394 0.241597 0.0258216 0.0294118
2 0.519171 0.256303 0.0242567 0.0546218
2 0.865806 0.272059 0.0477308 0.0651261
2 0.75939 0.309874 0.0586854 0.0945378
5 0.962441 0.218487 0.0735524 0.336134
9 0.819249 0.0514706 0.029734 0.0861345
2 0.0946792 0.316176 0.0469484 0.0987395
2 0.540297 0.261555 0.0258216 0.052521
2 0.744914 0.256303 0.0594679 0.0756303
0 0.775039 0.342437 0.0195618 0.134454
2 0.917058 0.256303 0.0312989 0.0630252
2 0.428013 0.246849 0.0266041 0.052521
2 0.272692 0.379202 0.0946792 0.182773
2 0.356416 0.311975 0.041471 0.0903361
0 0.208138 0.655462 0.0516432 0.344538
2 0.327856 0.347689 0.0469484 0.107143
2 0.591549 0.285714 0.0375587 0.0714286
