2 0.424883 0.256303 0.0312989 0.0588235
2 0.559077 0.220588 0.0289515 0.0462185
2 0.790297 0.262605 0.0406886 0.0462185
2 0.518388 0.265756 0.0242567 0.0483193
2 0.481612 0.240546 0.0258216 0.0315126
2 0.378717 0.29937 0.0219092 0.0735294
2 0.758998 0.310924 0.057903 0.092437
2 0.873631 0.271008 0.0602504 0.0714286
9 0.818858 0.0504202 0.0289515 0.0840336
5 0.962833 0.218487 0.07277 0.336134
2 0.0946792 0.317227 0.0469484 0.0966387
2 0.519171 0.256303 0.0242567 0.0546218
2 0.54108 0.261555 0.0258216 0.052521
2 0.744523 0.257353 0.0586854 0.0735294
0 0.775039 0.340336 0.0211268 0.134454
2 0.916667 0.261555 0.0320814 0.0735294
0 0.212441 0.657563 0.0571205 0.344538
2 0.428013 0.246849 0.0266041 0.052521
2 0.273083 0.379202 0.0954617 0.182773
2 0.356416 0.311975 0.041471 0.0903361
2 0.590767 0.283613 0.0359937 0.0714286
2 0.327856 0.346639 0.0469484 0.109244
