2 0.774648 0.260504 0.0719875 0.0588235
2 0.132238 0.306723 0.056338 0.130252
2 0.559468 0.221639 0.028169 0.0483193
2 0.424883 0.256303 0.0312989 0.0588235
2 0.79108 0.262605 0.0391236 0.0462185
2 0.518388 0.265756 0.0242567 0.0483193
2 0.481221 0.241597 0.0266041 0.0294118
2 0.378717 0.29937 0.0219092 0.0735294
2 0.758998 0.310924 0.057903 0.092437
5 0.962833 0.218487 0.07277 0.336134
9 0.818858 0.0504202 0.0289515 0.0840336
2 0.0946792 0.318277 0.0469484 0.0987395
2 0.519171 0.255252 0.0242567 0.052521
2 0.875978 0.27626 0.0696401 0.0693277
2 0.540689 0.261555 0.0266041 0.052521
0 0.774648 0.340336 0.0219092 0.134454
2 0.744914 0.257353 0.0594679 0.0735294
0 0.213615 0.658613 0.0594679 0.342437
2 0.916667 0.262605 0.0320814 0.0714286
2 0.428013 0.246849 0.0266041 0.052521
2 0.356416 0.311975 0.041471 0.0903361
2 0.273083 0.379202 0.0954617 0.182773
2 0.589984 0.284664 0.0375587 0.0693277
2 0.327856 0.346639 0.0469484 0.109244
