2 0.774648 0.259454 0.0719875 0.0567227
2 0.424883 0.256303 0.0312989 0.0588235
2 0.790689 0.262605 0.0399061 0.0462185
2 0.518388 0.265756 0.0242567 0.0483193
2 0.481612 0.241597 0.0258216 0.0294118
2 0.564945 0.272059 0.029734 0.0609244
5 0.962833 0.219538 0.07277 0.338235
2 0.758216 0.311975 0.056338 0.0903361
2 0.378717 0.29937 0.0219092 0.0735294
2 0.54108 0.261555 0.0258216 0.052521
2 0.881064 0.27521 0.0782473 0.0714286
2 0.0942879 0.318277 0.0477308 0.102941
9 0.818858 0.0504202 0.0289515 0.0840336
2 0.519171 0.255252 0.0242567 0.052521
2 0.744523 0.257353 0.0586854 0.0735294
2 0.917058 0.263655 0.0328638 0.0777311
0 0.773865 0.340336 0.0219092 0.134454
0 0.218701 0.657563 0.0696401 0.336134
2 0.428013 0.246849 0.0266041 0.052521
2 0.272692 0.379202 0.0946792 0.182773
2 0.356416 0.311975 0.041471 0.0903361
2 0.589984 0.284664 0.0359937 0.0693277
2 0.327856 0.346639 0.0469484 0.109244
