2 0.424491 0.256303 0.0320814 0.0588235
2 0.772692 0.259454 0.0758998 0.0567227
2 0.755869 0.313025 0.0516432 0.0882353
2 0.917058 0.258403 0.0344288 0.0630252
2 0.790689 0.262605 0.0399061 0.0462185
2 0.518388 0.264706 0.0242567 0.0504202
2 0.481221 0.241597 0.0266041 0.0294118
2 0.564945 0.272059 0.029734 0.0609244
2 0.378717 0.30042 0.0219092 0.0714286
2 0.918232 0.247899 0.0352113 0.0462185
2 0.54108 0.261555 0.0258216 0.052521
2 0.887324 0.27626 0.0782473 0.0735294
2 0.0942879 0.318277 0.0477308 0.102941
9 0.818858 0.0504202 0.0289515 0.0840336
2 0.519171 0.255252 0.0242567 0.052521
2 0.744523 0.258403 0.0586854 0.0714286
0 0.773083 0.340336 0.0219092 0.130252
2 0.273083 0.378151 0.0954617 0.180672
0 0.21831 0.658613 0.0672926 0.334034
2 0.428013 0.246849 0.0266041 0.052521
2 0.356416 0.311975 0.041471 0.0903361
2 0.589593 0.282563 0.0367762 0.0693277
2 0.327856 0.345588 0.0469484 0.107143
