2 0.757433 0.313025 0.0547731 0.0882353
2 0.56338 0.273109 0.0266041 0.0630252
2 0.776604 0.259454 0.0680751 0.0567227
2 0.424883 0.255252 0.0312989 0.0609244
5 0.918232 0.212185 0.161972 0.340336
2 0.518779 0.264706 0.0250391 0.0504202
2 0.480047 0.240546 0.0273865 0.0315126
2 0.791862 0.262605 0.0375587 0.0462185
2 0.378326 0.30042 0.0211268 0.0714286
5 0.963224 0.220588 0.0719875 0.340336
2 0.91471 0.267857 0.0406886 0.0777311
2 0.54108 0.261555 0.0258216 0.052521
2 0.896322 0.273109 0.0774648 0.0798319
9 0.818858 0.0504202 0.0289515 0.0840336
0 0.7723 0.341387 0.0219092 0.132353
2 0.519171 0.254202 0.0242567 0.0504202
2 0.0946792 0.318277 0.0485133 0.0987395
2 0.917449 0.257353 0.0336463 0.0609244
2 0.744131 0.257353 0.057903 0.0735294
2 0.272692 0.378151 0.0946792 0.180672
2 0.428013 0.246849 0.0266041 0.052521
2 0.356416 0.311975 0.041471 0.0903361
2 0.327856 0.345588 0.0469484 0.107143
2 0.588028 0.282563 0.0367762 0.0693277
0 0.221049 0.660714 0.0743349 0.334034
