2 0.321987 0.34874 0.0336463 0.109244
2 0.37989 0.307773 0.0195618 0.0693277
2 0.757825 0.311975 0.0555556 0.0903361
5 0.917449 0.212185 0.163537 0.340336
2 0.471831 0.237395 0.0250391 0.0420168
2 0.518388 0.265756 0.0242567 0.0483193
2 0.424883 0.257353 0.0312989 0.0609244
2 0.563772 0.273109 0.0258216 0.0630252
2 0.478091 0.240546 0.0250391 0.0315126
2 0.791862 0.262605 0.0375587 0.0462185
2 0.378326 0.30042 0.0211268 0.0714286
5 0.963224 0.219538 0.0719875 0.342437
2 0.54108 0.262605 0.0258216 0.0504202
0 0.7723 0.339286 0.0219092 0.132353
2 0.518779 0.254202 0.0250391 0.0504202
2 0.0946792 0.319328 0.0485133 0.10084
9 0.818858 0.0504202 0.0289515 0.0840336
2 0.74374 0.254202 0.0571205 0.0756303
2 0.905321 0.268908 0.0594679 0.0882353
2 0.272692 0.378151 0.0946792 0.180672
2 0.428013 0.246849 0.0266041 0.052521
2 0.356416 0.311975 0.041471 0.0903361
2 0.327856 0.346639 0.0469484 0.109244
2 0.587637 0.281513 0.0359937 0.0714286
0 0.223396 0.661765 0.0758998 0.336134
