2 0.785211 0.260504 0.0492958 0.0546218
5 0.96205 0.218487 0.0743349 0.340336
2 0.424491 0.254202 0.0320814 0.0630252
2 0.865023 0.265756 0.041471 0.0567227
2 0.562598 0.273109 0.028169 0.0672269
2 0.378717 0.29937 0.0219092 0.0693277
2 0.792645 0.262605 0.0359937 0.0462185
2 0.540297 0.261555 0.0273865 0.052521
0 0.771518 0.341387 0.0203443 0.128151
2 0.517997 0.25 0.0250391 0.0462185
9 0.818858 0.052521 0.0289515 0.0882353
2 0.0946792 0.318277 0.0485133 0.0987395
2 0.744523 0.256303 0.0586854 0.0714286
2 0.909624 0.267857 0.0508607 0.0903361
2 0.273474 0.377101 0.0962441 0.178571
2 0.586854 0.281513 0.0359937 0.0714286
2 0.356808 0.311975 0.0422535 0.0903361
2 0.426448 0.246849 0.028169 0.052521
2 0.328247 0.346639 0.0461659 0.105042
0 0.223396 0.661765 0.0758998 0.340336
