2 0.459311 0.239496 0.0266041 0.0336134
2 0.75626 0.313025 0.0524257 0.0882353
2 0.517606 0.24895 0.0258216 0.0441176
2 0.561424 0.271008 0.0289515 0.0672269
2 0.378717 0.29937 0.0219092 0.0693277
0 0.771518 0.341387 0.0203443 0.128151
2 0.539906 0.261555 0.028169 0.052521
5 0.962833 0.218487 0.07277 0.340336
2 0.793036 0.262605 0.0367762 0.0462185
2 0.86385 0.264706 0.0438185 0.0504202
9 0.818858 0.052521 0.0289515 0.0882353
2 0.0946792 0.317227 0.0485133 0.0966387
2 0.744131 0.256303 0.0594679 0.0714286
2 0.909624 0.268908 0.0555556 0.0882353
2 0.915884 0.266807 0.0399061 0.0882353
2 0.273474 0.378151 0.0962441 0.176471
2 0.586072 0.281513 0.0359937 0.0714286
2 0.356808 0.311975 0.0422535 0.0903361
2 0.426839 0.245798 0.0273865 0.0504202
2 0.328247 0.346639 0.0461659 0.105042
0 0.223787 0.658613 0.0751174 0.342437
