2 0.543036 0.278361 0.0469484 0.0609244
2 0.426056 0.256303 0.0289515 0.0630252
2 0.729264 0.264706 0.0344288 0.0546218
2 0.755477 0.287815 0.0539906 0.0756303
2 0.79108 0.260504 0.0391236 0.0462185
2 0.741002 0.262605 0.056338 0.0588235
2 0.331768 0.344538 0.0391236 0.092437
2 0.0942879 0.315126 0.0477308 0.0966387
2 0.461268 0.221639 0.0242567 0.0441176
9 0.818858 0.0514706 0.0289515 0.0819328
2 0.548513 0.278361 0.0328638 0.0609244
2 0.760563 0.308824 0.0610329 0.0966387
2 0.917449 0.253151 0.0305164 0.0567227
2 0.272692 0.379202 0.0946792 0.178571
2 0.428013 0.245798 0.0266041 0.0504202
2 0.356416 0.311975 0.041471 0.0903361
2 0.327074 0.344538 0.0485133 0.109244
0 0.954225 0.429622 0.0273865 0.17437
0 0.783646 0.35084 0.0195618 0.142857
0 0.0974178 0.673319 0.0571205 0.342437
2 0.625978 0.342437 0.0516432 0.105042
