2 0.476526 0.238445 0.0219092 0.0357143
0 0.771127 0.341387 0.0195618 0.128151
2 0.755869 0.311975 0.0516432 0.0861345
2 0.464789 0.238445 0.0312989 0.039916
2 0.562989 0.272059 0.0258216 0.0693277
2 0.517606 0.246849 0.0258216 0.039916
2 0.378717 0.29937 0.0219092 0.0693277
2 0.46831 0.234244 0.0320814 0.0483193
2 0.793036 0.262605 0.0367762 0.0462185
2 0.539906 0.262605 0.028169 0.0504202
9 0.819249 0.052521 0.029734 0.0882353
2 0.867371 0.263655 0.041471 0.0483193
2 0.0946792 0.318277 0.0485133 0.0987395
2 0.74374 0.254202 0.0571205 0.0714286
2 0.273083 0.378151 0.0954617 0.176471
2 0.586072 0.278361 0.0344288 0.0693277
2 0.426839 0.245798 0.0273865 0.0504202
2 0.91471 0.267857 0.0516432 0.0903361
2 0.356808 0.311975 0.0422535 0.0903361
0 0.228482 0.656513 0.0719875 0.342437
2 0.328247 0.346639 0.0461659 0.105042
