2 0.562207 0.272059 0.0273865 0.0693277
2 0.789124 0.259454 0.043036 0.0567227
2 0.476917 0.238445 0.0211268 0.0315126
0 0.762911 0.32563 0.0453834 0.109244
2 0.463224 0.241597 0.0344288 0.0378151
2 0.468701 0.235294 0.0328638 0.0462185
2 0.517606 0.246849 0.0258216 0.039916
2 0.378717 0.29937 0.0219092 0.0693277
2 0.793036 0.262605 0.0367762 0.0462185
2 0.539906 0.261555 0.028169 0.052521
9 0.819249 0.052521 0.029734 0.0882353
2 0.868936 0.262605 0.041471 0.0462185
2 0.0946792 0.318277 0.0485133 0.0987395
0 0.771127 0.340336 0.0195618 0.12605
2 0.74374 0.254202 0.0571205 0.0714286
2 0.586072 0.277311 0.0344288 0.0672269
2 0.270736 0.379202 0.0923318 0.17437
2 0.356808 0.311975 0.0422535 0.0903361
2 0.426839 0.245798 0.0273865 0.0504202
0 0.230047 0.652311 0.0672926 0.338235
2 0.914319 0.267857 0.043036 0.0861345
2 0.328247 0.346639 0.0461659 0.105042
