2 0.562598 0.271008 0.0266041 0.0672269
2 0.787167 0.259454 0.0469484 0.0567227
2 0.464006 0.239496 0.0359937 0.0378151
2 0.517606 0.246849 0.0258216 0.039916
2 0.467527 0.235294 0.0352113 0.0462185
2 0.378717 0.298319 0.0219092 0.0714286
2 0.793036 0.262605 0.0367762 0.0462185
0 0.767214 0.328782 0.0352113 0.115546
2 0.87011 0.261555 0.0375587 0.0441176
2 0.539906 0.260504 0.028169 0.0504202
9 0.819249 0.052521 0.029734 0.0882353
2 0.0946792 0.318277 0.0485133 0.0987395
0 0.770736 0.340336 0.0203443 0.12605
2 0.74374 0.25105 0.0571205 0.0735294
2 0.585681 0.277311 0.0336463 0.0630252
2 0.272692 0.378151 0.0962441 0.176471
2 0.356808 0.311975 0.0422535 0.0903361
2 0.426839 0.245798 0.0273865 0.0504202
2 0.915884 0.267857 0.0336463 0.0861345
2 0.327856 0.346639 0.0469484 0.105042
0 0.231221 0.652311 0.0649452 0.334034
