2 0.758998 0.258403 0.0641628 0.0630252
5 0.960485 0.219538 0.0774648 0.342437
2 0.781299 0.259454 0.0586854 0.0567227
2 0.425274 0.253151 0.0305164 0.0651261
2 0.462833 0.237395 0.0336463 0.0420168
2 0.378717 0.298319 0.0219092 0.0714286
2 0.517214 0.243697 0.0250391 0.0378151
0 0.248826 0.652311 0.0312989 0.317227
2 0.792645 0.262605 0.0375587 0.0462185
2 0.869327 0.261555 0.0375587 0.0441176
0 0.766823 0.328782 0.0359937 0.115546
2 0.539906 0.261555 0.028169 0.052521
9 0.819249 0.052521 0.029734 0.0882353
2 0.736698 0.254202 0.0477308 0.0588235
2 0.0946792 0.319328 0.0485133 0.10084
0 0.770344 0.340336 0.0195618 0.12605
2 0.743349 0.253151 0.0594679 0.0693277
2 0.917058 0.264706 0.029734 0.0798319
2 0.584898 0.27521 0.0336463 0.0630252
2 0.272692 0.378151 0.0962441 0.176471
2 0.426839 0.245798 0.0273865 0.0504202
2 0.356808 0.311975 0.0422535 0.0903361
2 0.327856 0.345588 0.0469484 0.107143
0 0.239437 0.648109 0.056338 0.334034
