0 0.25 0.64916 0.0352113 0.323529
2 0.759781 0.258403 0.0672926 0.0630252
2 0.464397 0.232143 0.0336463 0.0483193
2 0.774648 0.260504 0.0719875 0.0588235
2 0.462441 0.238445 0.0312989 0.039916
2 0.378717 0.297269 0.0219092 0.0693277
2 0.869327 0.260504 0.0391236 0.0462185
2 0.516823 0.241597 0.0258216 0.0378151
2 0.792645 0.262605 0.0375587 0.0462185
0 0.767997 0.328782 0.0336463 0.115546
2 0.540297 0.260504 0.0273865 0.0504202
9 0.819249 0.052521 0.029734 0.0882353
2 0.0946792 0.320378 0.0485133 0.102941
0 0.770344 0.341387 0.0195618 0.128151
2 0.74374 0.253151 0.0602504 0.0693277
2 0.916275 0.255252 0.0312989 0.0609244
2 0.584507 0.27416 0.0344288 0.0609244
2 0.269953 0.379202 0.0907668 0.17437
2 0.426839 0.245798 0.0289515 0.0504202
2 0.356808 0.311975 0.0422535 0.0903361
2 0.327856 0.345588 0.0469484 0.107143
0 0.245305 0.647059 0.0492958 0.331933
