5 0.961268 0.220588 0.0758998 0.340336
2 0.760172 0.258403 0.0696401 0.0630252
2 0.378326 0.298319 0.0211268 0.0714286
2 0.461659 0.235294 0.0312989 0.0420168
2 0.771909 0.260504 0.0774648 0.0588235
2 0.869327 0.260504 0.0391236 0.0462185
2 0.792645 0.262605 0.0375587 0.0462185
2 0.516432 0.241597 0.0266041 0.0378151
0 0.763302 0.328782 0.043036 0.115546
2 0.540297 0.260504 0.0273865 0.0504202
9 0.819249 0.052521 0.029734 0.0882353
2 0.0946792 0.321429 0.0485133 0.105042
0 0.770344 0.340336 0.0195618 0.12605
2 0.744523 0.254202 0.0602504 0.0714286
2 0.583725 0.273109 0.0344288 0.0588235
2 0.269953 0.379202 0.0907668 0.17437
2 0.917058 0.252101 0.0312989 0.0546218
2 0.426839 0.246849 0.0289515 0.052521
2 0.356808 0.311975 0.0422535 0.0903361
2 0.327856 0.345588 0.0469484 0.107143
0 0.250782 0.648109 0.0461659 0.334034
