2 0.463224 0.22584 0.028169 0.0483193
2 0.312598 0.346639 0.0446009 0.117647
2 0.759781 0.258403 0.0688576 0.0630252
2 0.773474 0.260504 0.0743349 0.0588235
2 0.378326 0.297269 0.0211268 0.0693277
2 0.869327 0.260504 0.0391236 0.0462185
2 0.461659 0.235294 0.0312989 0.0420168
2 0.516041 0.241597 0.0258216 0.0378151
2 0.792645 0.262605 0.0359937 0.0462185
0 0.766041 0.327731 0.0375587 0.113445
2 0.539906 0.260504 0.028169 0.0504202
2 0.0946792 0.320378 0.0485133 0.102941
9 0.819249 0.052521 0.029734 0.0882353
5 0.962833 0.221639 0.07277 0.342437
0 0.770344 0.340336 0.0195618 0.12605
2 0.744131 0.254202 0.0594679 0.0714286
2 0.583333 0.27416 0.0336463 0.0567227
2 0.268388 0.379202 0.0876369 0.17437
2 0.917058 0.252101 0.0312989 0.0588235
2 0.426839 0.246849 0.0289515 0.052521
2 0.356808 0.311975 0.0422535 0.0903361
2 0.327856 0.345588 0.0469484 0.107143
0 0.255086 0.646008 0.0406886 0.334034
