2 0.758998 0.258403 0.0672926 0.0630252
2 0.462833 0.230042 0.0305164 0.0483193
2 0.312207 0.347689 0.0438185 0.119748
2 0.516432 0.242647 0.0266041 0.0357143
2 0.776213 0.259454 0.0688576 0.0567227
2 0.869327 0.261555 0.0359937 0.0441176
2 0.378326 0.297269 0.0211268 0.0693277
2 0.460876 0.238445 0.0312989 0.0357143
0 0.765258 0.326681 0.0391236 0.111345
2 0.540689 0.261555 0.028169 0.052521
2 0.792645 0.262605 0.0359937 0.0462185
2 0.0946792 0.321429 0.0485133 0.105042
9 0.819249 0.052521 0.029734 0.0882353
5 0.962833 0.221639 0.07277 0.342437
0 0.770344 0.340336 0.0195618 0.12605
2 0.74374 0.254202 0.0586854 0.0714286
2 0.582551 0.27416 0.0320814 0.052521
2 0.268388 0.379202 0.0876369 0.17437
2 0.42723 0.246849 0.028169 0.052521
2 0.917058 0.252101 0.0312989 0.0588235
2 0.356808 0.311975 0.0422535 0.0903361
2 0.327856 0.345588 0.0469484 0.107143
0 0.259781 0.647059 0.0406886 0.336134
