2 0.312207 0.347689 0.0438185 0.119748
5 0.963224 0.222689 0.0735524 0.336134
2 0.778951 0.259454 0.0618153 0.0567227
2 0.460094 0.238445 0.0312989 0.0357143
0 0.763302 0.326681 0.043036 0.111345
2 0.516041 0.242647 0.0258216 0.0357143
2 0.869718 0.260504 0.0383412 0.0462185
2 0.540689 0.261555 0.028169 0.052521
2 0.378326 0.297269 0.0211268 0.0693277
2 0.792645 0.262605 0.0359937 0.0462185
2 0.0946792 0.320378 0.0485133 0.102941
9 0.819249 0.052521 0.029734 0.0882353
0 0.769953 0.339286 0.0203443 0.128151
2 0.744131 0.254202 0.0594679 0.0714286
2 0.58216 0.273109 0.0312989 0.0504202
2 0.267606 0.380252 0.086072 0.172269
2 0.91784 0.253151 0.0312989 0.0567227
2 0.42723 0.246849 0.028169 0.052521
2 0.356808 0.311975 0.0422535 0.0903361
2 0.328247 0.346639 0.0461659 0.105042
0 0.262911 0.644958 0.0438185 0.336134
