2 0.758607 0.258403 0.0680751 0.0630252
2 0.515649 0.241597 0.0266041 0.0336134
2 0.45892 0.239496 0.0320814 0.0378151
2 0.869327 0.261555 0.0359937 0.0441176
0 0.765649 0.326681 0.0383412 0.115546
2 0.541471 0.260504 0.028169 0.0546218
2 0.378326 0.297269 0.0211268 0.0693277
5 0.962441 0.219538 0.0735524 0.342437
2 0.771909 0.259454 0.0774648 0.0567227
2 0.792645 0.262605 0.0359937 0.0462185
9 0.819249 0.052521 0.029734 0.0882353
2 0.0946792 0.320378 0.0485133 0.102941
0 0.769562 0.338235 0.0211268 0.12605
2 0.744914 0.254202 0.0610329 0.0714286
2 0.269562 0.379202 0.0899843 0.17437
2 0.580986 0.272059 0.0305164 0.052521
2 0.917058 0.253151 0.0312989 0.0567227
2 0.42723 0.245798 0.028169 0.0504202
2 0.356808 0.311975 0.0422535 0.0903361
2 0.328247 0.346639 0.0461659 0.105042
0 0.268388 0.64916 0.0500782 0.340336
