2 0.426056 0.256303 0.0289515 0.0630252
2 0.75626 0.285714 0.0555556 0.0756303
2 0.729264 0.265756 0.0328638 0.0567227
2 0.741002 0.262605 0.056338 0.0630252
2 0.791471 0.260504 0.0383412 0.0462185
2 0.0942879 0.315126 0.0477308 0.0966387
2 0.548513 0.277311 0.0312989 0.0588235
2 0.461268 0.221639 0.0242567 0.0441176
9 0.818858 0.0504202 0.0289515 0.0840336
2 0.761346 0.307773 0.0625978 0.0987395
2 0.917449 0.253151 0.0305164 0.0567227
2 0.272692 0.379202 0.0946792 0.178571
2 0.428013 0.245798 0.0266041 0.0504202
2 0.356025 0.311975 0.0406886 0.0903361
2 0.327074 0.344538 0.0485133 0.109244
0 0.95579 0.429622 0.0258216 0.178571
0 0.783646 0.35084 0.0195618 0.138655
0 0.100156 0.67542 0.057903 0.342437
2 0.625196 0.342437 0.0516432 0.10084
