2 0.457746 0.239496 0.0328638 0.0378151
2 0.758607 0.258403 0.0680751 0.0630252
2 0.515258 0.242647 0.0273865 0.0315126
5 0.962441 0.219538 0.0735524 0.342437
2 0.378326 0.297269 0.0211268 0.0693277
2 0.869327 0.260504 0.0359937 0.0420168
2 0.542253 0.260504 0.028169 0.0546218
2 0.771909 0.259454 0.0774648 0.0567227
0 0.766432 0.327731 0.0367762 0.117647
2 0.792645 0.262605 0.0359937 0.0462185
2 0.0946792 0.320378 0.0485133 0.102941
9 0.819249 0.052521 0.029734 0.0882353
0 0.769171 0.338235 0.0219092 0.12605
2 0.744914 0.254202 0.0610329 0.0714286
2 0.580595 0.271008 0.029734 0.0546218
2 0.273083 0.379202 0.0970266 0.178571
2 0.917449 0.253151 0.0305164 0.0567227
2 0.42723 0.245798 0.028169 0.0504202
2 0.356808 0.311975 0.0422535 0.0903361
2 0.327856 0.345588 0.0469484 0.107143
0 0.2723 0.64916 0.0610329 0.336134
