2 0.135759 0.303571 0.0649452 0.128151
2 0.758998 0.258403 0.0688576 0.0630252
2 0.515258 0.243697 0.0273865 0.0336134
2 0.377934 0.297269 0.0203443 0.0693277
2 0.869327 0.261555 0.0359937 0.0441176
2 0.542253 0.261555 0.028169 0.052521
2 0.771518 0.259454 0.0782473 0.0567227
2 0.792645 0.262605 0.0359937 0.0462185
5 0.962441 0.219538 0.0735524 0.342437
0 0.769562 0.328782 0.0305164 0.119748
9 0.819249 0.052521 0.029734 0.0882353
2 0.0942879 0.321429 0.0477308 0.105042
0 0.768779 0.338235 0.0211268 0.12605
2 0.744914 0.254202 0.0610329 0.0714286
2 0.579812 0.271008 0.029734 0.0546218
2 0.273474 0.379202 0.0962441 0.178571
2 0.42723 0.245798 0.028169 0.0504202
2 0.917449 0.253151 0.0305164 0.0567227
2 0.356808 0.311975 0.0422535 0.0903361
2 0.327856 0.345588 0.0469484 0.107143
0 0.275822 0.648109 0.0649452 0.334034
