2 0.759781 0.258403 0.0704225 0.0630252
2 0.457746 0.234244 0.0328638 0.0441176
2 0.515258 0.242647 0.0273865 0.0315126
2 0.461659 0.223739 0.0266041 0.0441176
2 0.869327 0.261555 0.0359937 0.0441176
2 0.377934 0.297269 0.0203443 0.0693277
2 0.542645 0.260504 0.0273865 0.0546218
2 0.770344 0.259454 0.0805947 0.0567227
2 0.792645 0.262605 0.0359937 0.0462185
5 0.962441 0.220588 0.0735524 0.344538
0 0.769562 0.329832 0.0305164 0.121849
2 0.0946792 0.321429 0.0485133 0.105042
9 0.819249 0.052521 0.029734 0.0882353
0 0.769171 0.338235 0.0219092 0.12605
2 0.57903 0.269958 0.029734 0.0567227
2 0.744914 0.254202 0.0610329 0.0714286
2 0.42723 0.246849 0.028169 0.052521
2 0.917449 0.253151 0.0305164 0.0567227
2 0.356808 0.311975 0.0422535 0.0903361
2 0.273474 0.378151 0.0962441 0.176471
2 0.327856 0.346639 0.0469484 0.109244
0 0.276604 0.65021 0.0665102 0.334034
