2 0.760172 0.258403 0.0680751 0.0630252
2 0.461659 0.221639 0.0250391 0.039916
2 0.377934 0.297269 0.0203443 0.0693277
2 0.868936 0.261555 0.0367762 0.0441176
2 0.543036 0.260504 0.029734 0.0546218
2 0.774257 0.259454 0.071205 0.0567227
2 0.514867 0.243697 0.028169 0.0336134
0 0.768388 0.327731 0.0328638 0.117647
2 0.792645 0.262605 0.0359937 0.0462185
2 0.0946792 0.322479 0.0485133 0.107143
9 0.819249 0.052521 0.029734 0.0882353
5 0.962441 0.221639 0.0735524 0.342437
0 0.768779 0.337185 0.0226917 0.128151
2 0.744914 0.254202 0.0610329 0.0714286
2 0.578247 0.267857 0.028169 0.0567227
2 0.427621 0.246849 0.0289515 0.052521
2 0.357199 0.311975 0.041471 0.0903361
2 0.917449 0.253151 0.0305164 0.0567227
2 0.327856 0.345588 0.0469484 0.107143
2 0.273865 0.378151 0.0970266 0.176471
0 0.27856 0.653361 0.0719875 0.327731
