2 0.760172 0.258403 0.0696401 0.0630252
2 0.461659 0.221639 0.0250391 0.039916
2 0.54421 0.259454 0.0305164 0.0567227
2 0.377934 0.297269 0.0203443 0.0693277
2 0.869327 0.260504 0.0391236 0.0462185
2 0.77543 0.259454 0.0688576 0.0567227
2 0.515258 0.243697 0.0289515 0.0336134
2 0.792645 0.262605 0.0359937 0.0462185
2 0.0946792 0.321429 0.0485133 0.105042
0 0.769953 0.328782 0.028169 0.119748
9 0.819249 0.052521 0.029734 0.0882353
5 0.962441 0.221639 0.0735524 0.342437
0 0.768779 0.338235 0.0211268 0.12605
2 0.745305 0.254202 0.0618153 0.0714286
2 0.577856 0.267857 0.0289515 0.0567227
2 0.42723 0.246849 0.028169 0.052521
2 0.357199 0.311975 0.041471 0.0903361
2 0.916667 0.253151 0.0305164 0.0567227
2 0.327856 0.345588 0.0469484 0.107143
2 0.273865 0.378151 0.0970266 0.176471
0 0.280516 0.653361 0.0743349 0.327731
