2 0.759781 0.258403 0.0688576 0.0630252
2 0.461659 0.221639 0.0250391 0.039916
2 0.543818 0.260504 0.028169 0.0546218
2 0.514476 0.243697 0.0289515 0.0336134
2 0.377934 0.297269 0.0203443 0.0693277
2 0.869327 0.260504 0.0391236 0.0462185
2 0.573161 0.262605 0.0352113 0.0588235
2 0.779343 0.260504 0.0610329 0.0546218
0 0.769562 0.328782 0.0305164 0.119748
2 0.792645 0.262605 0.0359937 0.0462185
2 0.0946792 0.320378 0.0485133 0.102941
9 0.819249 0.0514706 0.029734 0.0861345
5 0.962441 0.219538 0.0735524 0.342437
0 0.769171 0.338235 0.0219092 0.12605
2 0.577074 0.267857 0.0289515 0.0567227
2 0.744914 0.256303 0.0610329 0.0714286
2 0.428013 0.246849 0.028169 0.052521
2 0.357199 0.311975 0.041471 0.0903361
2 0.916667 0.253151 0.0305164 0.0567227
2 0.327856 0.345588 0.0469484 0.107143
2 0.273865 0.378151 0.0970266 0.176471
0 0.281299 0.652311 0.0743349 0.329832
