2 0.544601 0.260504 0.0312989 0.0546218
2 0.760172 0.258403 0.0680751 0.0630252
0 0.292254 0.644958 0.0492958 0.331933
2 0.514867 0.242647 0.028169 0.0357143
2 0.377934 0.297269 0.0203443 0.0693277
2 0.46205 0.221639 0.0242567 0.039916
2 0.780908 0.260504 0.057903 0.0546218
2 0.869327 0.260504 0.0391236 0.0462185
2 0.57277 0.263655 0.0359937 0.0567227
2 0.0946792 0.321429 0.0485133 0.105042
2 0.792645 0.262605 0.0359937 0.0462185
0 0.770344 0.328782 0.0273865 0.115546
9 0.819249 0.052521 0.029734 0.0882353
5 0.962441 0.221639 0.0735524 0.342437
0 0.768779 0.338235 0.0211268 0.12605
2 0.577074 0.267857 0.0289515 0.052521
2 0.745305 0.256303 0.0602504 0.0714286
2 0.428013 0.245798 0.028169 0.0504202
2 0.916667 0.253151 0.0305164 0.0567227
2 0.357199 0.311975 0.041471 0.0903361
2 0.327856 0.345588 0.0469484 0.107143
2 0.273865 0.377101 0.0970266 0.178571
0 0.280125 0.64916 0.0782473 0.331933
