2 0.760172 0.258403 0.0696401 0.0630252
2 0.570814 0.262605 0.0367762 0.0630252
2 0.378326 0.297269 0.0211268 0.0693277
2 0.509781 0.238445 0.0242567 0.0357143
2 0.869327 0.260504 0.0391236 0.0462185
2 0.776995 0.259454 0.0657277 0.0567227
2 0.792645 0.262605 0.0359937 0.0462185
2 0.0950704 0.319328 0.0492958 0.105042
9 0.819249 0.0514706 0.029734 0.0861345
5 0.962441 0.221639 0.0735524 0.342437
2 0.575509 0.266807 0.0289515 0.0546218
0 0.768388 0.338235 0.0203443 0.12605
2 0.745305 0.256303 0.0618153 0.0714286
0 0.293036 0.642857 0.0399061 0.352941
2 0.427621 0.246849 0.0273865 0.052521
2 0.356808 0.311975 0.0422535 0.0903361
2 0.917449 0.253151 0.0305164 0.0567227
2 0.327856 0.346639 0.0469484 0.109244
2 0.273474 0.377101 0.0962441 0.178571
0 0.288732 0.64916 0.0547731 0.331933
