2 0.570814 0.260504 0.0367762 0.0630252
2 0.759781 0.258403 0.0688576 0.0630252
2 0.378326 0.297269 0.0211268 0.0693277
2 0.869327 0.260504 0.0391236 0.0462185
2 0.776995 0.260504 0.0657277 0.0546218
0 0.769562 0.328782 0.0289515 0.119748
2 0.508607 0.239496 0.0250391 0.0336134
2 0.792645 0.262605 0.0359937 0.0462185
2 0.0946792 0.318277 0.0485133 0.0987395
9 0.819249 0.052521 0.029734 0.0882353
5 0.962441 0.221639 0.0735524 0.342437
0 0.768388 0.338235 0.0203443 0.12605
2 0.575117 0.264706 0.029734 0.0546218
2 0.745305 0.256303 0.0618153 0.0714286
2 0.427621 0.246849 0.0273865 0.052521
2 0.916667 0.253151 0.0305164 0.0567227
2 0.357199 0.311975 0.041471 0.0903361
0 0.294992 0.648109 0.0438185 0.334034
2 0.327856 0.346639 0.0469484 0.109244
2 0.273474 0.377101 0.0962441 0.178571
