2 0.680751 0.271008 0.0688576 0.0588235
2 0.426056 0.256303 0.0289515 0.0630252
2 0.75626 0.284664 0.0555556 0.0735294
2 0.728482 0.266807 0.0344288 0.0546218
2 0.79108 0.261555 0.0391236 0.0483193
2 0.739437 0.262605 0.057903 0.0630252
2 0.548513 0.27521 0.0312989 0.0588235
2 0.0942879 0.314076 0.0477308 0.0945378
2 0.461268 0.221639 0.0242567 0.0441176
9 0.818858 0.0504202 0.0289515 0.0840336
2 0.760955 0.307773 0.0618153 0.0987395
2 0.917449 0.253151 0.0305164 0.0567227
2 0.272692 0.378151 0.0946792 0.180672
2 0.428013 0.245798 0.0266041 0.0504202
2 0.356025 0.311975 0.0406886 0.0903361
2 0.327074 0.344538 0.0485133 0.109244
0 0.957355 0.430672 0.0258216 0.176471
0 0.782864 0.351891 0.0195618 0.140756
0 0.102113 0.67542 0.0633803 0.342437
2 0.624022 0.341387 0.0524257 0.0987395
