2 0.543818 0.264706 0.029734 0.0504202
2 0.570031 0.260504 0.0367762 0.0630252
2 0.760955 0.258403 0.07277 0.0630252
2 0.378326 0.297269 0.0211268 0.0693277
2 0.869327 0.260504 0.0391236 0.0462185
2 0.771518 0.260504 0.0766823 0.0546218
2 0.792645 0.262605 0.0359937 0.0462185
2 0.0946792 0.319328 0.0485133 0.10084
2 0.507433 0.239496 0.0258216 0.0336134
5 0.962441 0.221639 0.0735524 0.342437
9 0.819249 0.0514706 0.029734 0.0861345
0 0.767997 0.337185 0.0211268 0.12395
2 0.574726 0.265756 0.0289515 0.052521
2 0.745305 0.256303 0.0618153 0.0714286
2 0.428404 0.246849 0.0289515 0.052521
0 0.301643 0.644958 0.0367762 0.336134
2 0.917058 0.253151 0.029734 0.0567227
2 0.356808 0.311975 0.0422535 0.0903361
2 0.327856 0.346639 0.0469484 0.109244
2 0.273474 0.378151 0.0962441 0.176471
