2 0.56964 0.260504 0.0359937 0.0588235
2 0.543818 0.264706 0.029734 0.0504202
2 0.869327 0.260504 0.0391236 0.0462185
2 0.377934 0.297269 0.0203443 0.0693277
2 0.758216 0.258403 0.0672926 0.0630252
2 0.770344 0.260504 0.0790297 0.0546218
2 0.792645 0.262605 0.0359937 0.0462185
2 0.0946792 0.319328 0.0485133 0.10084
5 0.962833 0.220588 0.07277 0.344538
2 0.507042 0.241597 0.0266041 0.0336134
9 0.819249 0.052521 0.029734 0.0882353
0 0.767997 0.337185 0.0211268 0.12395
2 0.573944 0.264706 0.0289515 0.0504202
2 0.428404 0.247899 0.0273865 0.0504202
2 0.745305 0.256303 0.0618153 0.0714286
2 0.916667 0.253151 0.0305164 0.0567227
2 0.357199 0.311975 0.041471 0.0903361
0 0.304773 0.643908 0.0352113 0.338235
2 0.327856 0.346639 0.0469484 0.109244
2 0.273474 0.378151 0.0962441 0.180672
