2 0.570423 0.260504 0.0344288 0.0588235
2 0.543427 0.264706 0.0305164 0.0504202
2 0.869327 0.260504 0.0391236 0.0462185
2 0.377543 0.297269 0.0211268 0.0693277
2 0.758998 0.258403 0.0672926 0.0630252
2 0.0946792 0.318277 0.0485133 0.0987395
2 0.792645 0.262605 0.0359937 0.0462185
2 0.769562 0.260504 0.0805947 0.0546218
9 0.819249 0.0514706 0.029734 0.0861345
0 0.767997 0.338235 0.0211268 0.121849
5 0.962833 0.220588 0.07277 0.344538
2 0.506651 0.240546 0.0273865 0.0357143
2 0.573944 0.264706 0.0289515 0.0546218
2 0.428795 0.246849 0.028169 0.052521
2 0.745305 0.256303 0.0618153 0.0714286
2 0.917058 0.253151 0.0312989 0.0567227
2 0.357199 0.311975 0.041471 0.0903361
2 0.327856 0.346639 0.0469484 0.109244
2 0.273474 0.379202 0.0962441 0.182773
0 0.307512 0.643908 0.0344288 0.338235
