2 0.161189 0.322479 0.028169 0.052521
2 0.543036 0.264706 0.028169 0.0504202
2 0.437793 0.245798 0.0461659 0.0504202
2 0.377152 0.297269 0.0203443 0.0693277
2 0.0950704 0.318277 0.0492958 0.0987395
2 0.869718 0.260504 0.0383412 0.0462185
2 0.758216 0.258403 0.0657277 0.0630252
2 0.769953 0.260504 0.0798122 0.0546218
2 0.792645 0.262605 0.0359937 0.0462185
0 0.768388 0.337185 0.0219092 0.119748
9 0.819249 0.052521 0.029734 0.0882353
5 0.962833 0.221639 0.07277 0.342437
2 0.505477 0.239496 0.028169 0.0378151
2 0.573161 0.264706 0.0289515 0.0546218
2 0.430751 0.246849 0.0320814 0.052521
2 0.744914 0.256303 0.0610329 0.0714286
2 0.917058 0.252101 0.0312989 0.0588235
2 0.357199 0.311975 0.041471 0.0903361
2 0.327856 0.346639 0.0469484 0.109244
2 0.273474 0.379202 0.0962441 0.182773
0 0.309468 0.646008 0.0352113 0.338235
