2 0.543427 0.264706 0.0273865 0.0504202
2 0.115806 0.264706 0.0234742 0.0504202
2 0.377543 0.297269 0.0211268 0.0693277
2 0.461268 0.222689 0.0242567 0.0378151
2 0.869718 0.260504 0.0383412 0.0462185
2 0.758607 0.258403 0.0665102 0.0630252
2 0.0950704 0.319328 0.0492958 0.10084
2 0.792645 0.262605 0.0359937 0.0462185
2 0.769562 0.260504 0.0805947 0.0546218
9 0.819249 0.052521 0.029734 0.0882353
0 0.767606 0.338235 0.0219092 0.121849
2 0.504695 0.238445 0.028169 0.039916
5 0.962833 0.221639 0.07277 0.342437
2 0.571988 0.264706 0.029734 0.0546218
2 0.431142 0.246849 0.0344288 0.052521
2 0.745305 0.257353 0.0618153 0.0693277
2 0.917058 0.252101 0.0312989 0.0588235
2 0.357199 0.311975 0.041471 0.0903361
2 0.327856 0.346639 0.0469484 0.109244
2 0.273474 0.378151 0.0962441 0.180672
0 0.317293 0.644958 0.0446009 0.336134
