2 0.545775 0.261555 0.0289515 0.052521
2 0.377543 0.297269 0.0211268 0.0693277
2 0.869718 0.260504 0.0383412 0.0462185
2 0.461268 0.221639 0.0242567 0.039916
2 0.0950704 0.320378 0.0492958 0.102941
2 0.758607 0.258403 0.0665102 0.0630252
2 0.770344 0.260504 0.0805947 0.0546218
2 0.792645 0.262605 0.0359937 0.0462185
9 0.819249 0.052521 0.029734 0.0882353
2 0.572379 0.264706 0.0289515 0.0546218
2 0.504304 0.239496 0.0289515 0.0378151
5 0.962833 0.220588 0.07277 0.344538
0 0.767214 0.337185 0.0211268 0.119748
2 0.431142 0.245798 0.0328638 0.0504202
2 0.745305 0.256303 0.0618153 0.0714286
2 0.917058 0.252101 0.0312989 0.0588235
2 0.357199 0.311975 0.041471 0.0903361
2 0.327465 0.346639 0.0477308 0.109244
2 0.273474 0.378151 0.0962441 0.180672
0 0.321596 0.646008 0.0516432 0.338235
