2 0.115806 0.265756 0.0234742 0.052521
2 0.160798 0.323529 0.0289515 0.0546218
2 0.377543 0.297269 0.0211268 0.0693277
2 0.869718 0.260504 0.0383412 0.0462185
2 0.758216 0.258403 0.0657277 0.0630252
2 0.769953 0.260504 0.0798122 0.0546218
2 0.792645 0.262605 0.0359937 0.0462185
2 0.46205 0.220588 0.0242567 0.0420168
2 0.0950704 0.321429 0.0492958 0.105042
9 0.819249 0.0514706 0.029734 0.0861345
2 0.571596 0.264706 0.0289515 0.0546218
5 0.962833 0.221639 0.07277 0.342437
2 0.503521 0.238445 0.0289515 0.039916
0 0.767606 0.337185 0.0219092 0.119748
2 0.745305 0.256303 0.0618153 0.0714286
2 0.431534 0.245798 0.0336463 0.0504202
2 0.917058 0.252101 0.0312989 0.0588235
2 0.357199 0.311975 0.041471 0.0903361
2 0.327465 0.345588 0.0477308 0.107143
2 0.273865 0.378151 0.0970266 0.180672
0 0.325509 0.644958 0.0547731 0.336134
