2 0.543427 0.264706 0.0273865 0.0504202
2 0.115806 0.265756 0.0234742 0.052521
2 0.160798 0.323529 0.0289515 0.0546218
0 0.760563 0.329832 0.0500782 0.121849
2 0.377543 0.298319 0.0211268 0.0714286
2 0.869327 0.260504 0.0391236 0.0462185
2 0.758216 0.258403 0.0657277 0.0630252
2 0.769953 0.260504 0.0798122 0.0546218
2 0.792645 0.262605 0.0359937 0.0462185
2 0.0950704 0.322479 0.0492958 0.107143
9 0.819249 0.0514706 0.029734 0.0861345
2 0.461659 0.221639 0.0250391 0.0441176
5 0.962441 0.220588 0.0735524 0.344538
2 0.50313 0.236345 0.028169 0.039916
2 0.571596 0.263655 0.0289515 0.0567227
0 0.767997 0.338235 0.0226917 0.121849
2 0.745305 0.256303 0.0618153 0.0714286
2 0.430751 0.246849 0.0336463 0.052521
2 0.917058 0.252101 0.0312989 0.0588235
2 0.357199 0.311975 0.041471 0.0903361
2 0.327465 0.345588 0.0477308 0.107143
2 0.273474 0.378151 0.0962441 0.176471
0 0.326291 0.647059 0.056338 0.336134
