2 0.543818 0.265756 0.0266041 0.0483193
2 0.377934 0.298319 0.0219092 0.0714286
2 0.758607 0.258403 0.0665102 0.0630252
2 0.869327 0.260504 0.0391236 0.0462185
2 0.0950704 0.321429 0.0492958 0.105042
2 0.769953 0.259454 0.0798122 0.0567227
2 0.792645 0.262605 0.0359937 0.0462185
0 0.768779 0.329832 0.0305164 0.117647
2 0.570814 0.264706 0.0289515 0.0546218
9 0.819249 0.052521 0.029734 0.0882353
2 0.462441 0.220588 0.0250391 0.0462185
5 0.962833 0.220588 0.07277 0.344538
2 0.501956 0.236345 0.0289515 0.039916
0 0.767997 0.336134 0.0211268 0.121849
2 0.745696 0.256303 0.0625978 0.0714286
2 0.431142 0.246849 0.0344288 0.052521
2 0.917058 0.252101 0.0312989 0.0588235
2 0.357199 0.311975 0.041471 0.0903361
2 0.327465 0.346639 0.0477308 0.109244
0 0.32903 0.647059 0.0602504 0.331933
2 0.273865 0.378151 0.0970266 0.176471
