2 0.543818 0.265756 0.0266041 0.0483193
2 0.0950704 0.321429 0.0492958 0.105042
2 0.758216 0.258403 0.0657277 0.0630252
2 0.377934 0.298319 0.0219092 0.0714286
2 0.869327 0.261555 0.0391236 0.0483193
2 0.770736 0.259454 0.0782473 0.0567227
0 0.769562 0.329832 0.0289515 0.117647
2 0.792645 0.262605 0.0359937 0.0462185
2 0.570814 0.264706 0.0289515 0.0546218
9 0.819249 0.0514706 0.029734 0.0861345
2 0.462833 0.220588 0.0258216 0.0462185
2 0.501565 0.236345 0.028169 0.039916
5 0.962833 0.220588 0.07277 0.344538
0 0.767997 0.336134 0.0211268 0.121849
2 0.745305 0.256303 0.0618153 0.0714286
2 0.428795 0.246849 0.029734 0.052521
2 0.357199 0.311975 0.041471 0.0903361
2 0.917058 0.252101 0.0312989 0.0588235
0 0.331768 0.64916 0.0657277 0.331933
2 0.327465 0.345588 0.0477308 0.107143
2 0.273865 0.378151 0.0970266 0.176471
