10 0.0856808 0.426471 0.0179969 0.0504202
2 0.426056 0.257353 0.0289515 0.0609244
2 0.756651 0.288866 0.056338 0.0777311
2 0.7277 0.267857 0.0359937 0.0567227
2 0.739437 0.262605 0.057903 0.0630252
2 0.791471 0.260504 0.0383412 0.0462185
2 0.0942879 0.315126 0.0477308 0.0966387
2 0.548122 0.27521 0.0320814 0.0588235
9 0.818858 0.0504202 0.0289515 0.0840336
2 0.461268 0.221639 0.0242567 0.0441176
2 0.761346 0.307773 0.0625978 0.0987395
2 0.917058 0.253151 0.029734 0.0567227
2 0.272692 0.378151 0.0946792 0.180672
2 0.428013 0.245798 0.0266041 0.0504202
2 0.356416 0.311975 0.041471 0.0903361
2 0.327074 0.344538 0.0485133 0.109244
0 0.958529 0.433824 0.0266041 0.178571
0 0.782864 0.351891 0.0195618 0.140756
2 0.623239 0.341387 0.0524257 0.0945378
0 0.105243 0.677521 0.0696401 0.338235
