2 0.543427 0.265756 0.0258216 0.0483193
2 0.758216 0.258403 0.0641628 0.0630252
2 0.377934 0.298319 0.0219092 0.0714286
2 0.869327 0.261555 0.0391236 0.0483193
2 0.0954617 0.321429 0.0500782 0.105042
2 0.771127 0.260504 0.0774648 0.0546218
2 0.792645 0.262605 0.0359937 0.0462185
2 0.500391 0.237395 0.0289515 0.0378151
9 0.819249 0.0514706 0.029734 0.0861345
2 0.570031 0.261555 0.0289515 0.0567227
2 0.462441 0.220588 0.0266041 0.0462185
0 0.767997 0.336134 0.0211268 0.121849
5 0.962833 0.220588 0.07277 0.344538
2 0.745305 0.256303 0.0618153 0.0714286
2 0.428404 0.246849 0.0289515 0.052521
2 0.357199 0.311975 0.041471 0.0903361
2 0.917058 0.252101 0.0312989 0.0588235
2 0.327465 0.345588 0.0477308 0.107143
2 0.273865 0.378151 0.0970266 0.180672
0 0.333333 0.64916 0.0688576 0.331933
