2 0.378326 0.298319 0.0226917 0.0714286
2 0.757825 0.258403 0.0618153 0.0630252
2 0.869718 0.261555 0.0383412 0.0483193
2 0.773083 0.260504 0.0735524 0.0546218
2 0.543036 0.264706 0.0266041 0.0504202
2 0.0954617 0.323529 0.0500782 0.105042
2 0.792645 0.262605 0.0359937 0.0462185
2 0.498044 0.239496 0.0305164 0.0294118
9 0.819249 0.0514706 0.029734 0.0861345
0 0.767606 0.335084 0.0203443 0.119748
2 0.570031 0.264706 0.0273865 0.0546218
2 0.462441 0.222689 0.028169 0.0462185
5 0.962833 0.220588 0.07277 0.344538
2 0.744914 0.256303 0.0610329 0.0714286
2 0.428013 0.247899 0.029734 0.0546218
2 0.357199 0.311975 0.041471 0.0903361
2 0.917058 0.252101 0.0312989 0.0588235
2 0.327465 0.345588 0.0477308 0.107143
2 0.273865 0.377101 0.0970266 0.178571
0 0.334116 0.648109 0.0688576 0.329832
