2 0.542645 0.265756 0.0258216 0.0483193
2 0.378326 0.298319 0.0226917 0.0714286
2 0.758998 0.258403 0.0657277 0.0630252
2 0.0954617 0.32458 0.0500782 0.107143
2 0.869327 0.261555 0.0391236 0.0483193
2 0.770736 0.259454 0.0782473 0.0567227
2 0.792645 0.262605 0.0359937 0.0462185
2 0.498044 0.239496 0.0305164 0.0294118
9 0.819249 0.0514706 0.029734 0.0861345
0 0.767606 0.336134 0.0203443 0.121849
2 0.56964 0.265756 0.028169 0.052521
5 0.962441 0.221639 0.0735524 0.342437
2 0.462441 0.222689 0.028169 0.0462185
2 0.745305 0.256303 0.0618153 0.0714286
2 0.428013 0.247899 0.029734 0.0546218
2 0.356808 0.311975 0.0422535 0.0903361
2 0.917058 0.252101 0.0312989 0.0588235
2 0.327465 0.345588 0.0477308 0.107143
2 0.273865 0.377101 0.0970266 0.178571
0 0.334898 0.648109 0.0657277 0.329832
