2 0.0950704 0.323529 0.0492958 0.105042
2 0.377934 0.297269 0.0219092 0.0693277
2 0.49687 0.233193 0.0312989 0.0420168
2 0.869327 0.260504 0.0391236 0.0462185
2 0.759781 0.258403 0.0688576 0.0630252
2 0.543036 0.264706 0.0266041 0.0504202
2 0.792645 0.262605 0.0359937 0.0462185
2 0.769562 0.259454 0.0805947 0.0567227
9 0.819249 0.0514706 0.029734 0.0861345
5 0.962441 0.221639 0.0735524 0.342437
0 0.767606 0.335084 0.0203443 0.119748
2 0.462441 0.222689 0.028169 0.0462185
2 0.568466 0.261555 0.0289515 0.0567227
2 0.746088 0.256303 0.0633803 0.0714286
2 0.428013 0.246849 0.028169 0.052521
2 0.357199 0.311975 0.041471 0.0903361
2 0.917058 0.252101 0.0312989 0.0588235
2 0.327465 0.346639 0.0477308 0.109244
2 0.273865 0.377101 0.0970266 0.178571
0 0.338028 0.647059 0.0625978 0.331933
