0 0.352895 0.628151 0.0344288 0.302521
2 0.377543 0.297269 0.0211268 0.0693277
2 0.496088 0.231092 0.0312989 0.0462185
2 0.869327 0.260504 0.0391236 0.0462185
2 0.759781 0.258403 0.0688576 0.0630252
2 0.0950704 0.32563 0.0492958 0.105042
2 0.792645 0.262605 0.0359937 0.0462185
2 0.543036 0.265756 0.0266041 0.0483193
2 0.769562 0.259454 0.0805947 0.0567227
9 0.819249 0.0514706 0.029734 0.0861345
5 0.962441 0.221639 0.0735524 0.342437
0 0.767606 0.335084 0.0203443 0.119748
2 0.462833 0.222689 0.0289515 0.0462185
2 0.568075 0.262605 0.028169 0.0546218
0 0.340376 0.646008 0.057903 0.334034
2 0.745696 0.256303 0.0625978 0.0714286
2 0.428013 0.246849 0.028169 0.052521
2 0.356808 0.311975 0.0422535 0.0903361
2 0.917058 0.252101 0.0312989 0.0588235
2 0.327856 0.345588 0.0469484 0.107143
2 0.273865 0.377101 0.0970266 0.178571
