2 0.495305 0.22584 0.0312989 0.052521
2 0.0946792 0.322479 0.0485133 0.102941
2 0.869327 0.260504 0.0391236 0.0462185
2 0.377934 0.297269 0.0219092 0.0693277
2 0.495305 0.234244 0.0312989 0.039916
2 0.792645 0.262605 0.0359937 0.0462185
2 0.769562 0.259454 0.0805947 0.0567227
2 0.54421 0.262605 0.0258216 0.0546218
9 0.819249 0.0514706 0.029734 0.0861345
5 0.962441 0.220588 0.0735524 0.344538
0 0.767606 0.335084 0.0203443 0.119748
2 0.462833 0.222689 0.0289515 0.0462185
2 0.568075 0.262605 0.028169 0.0546218
2 0.745696 0.256303 0.0625978 0.0714286
2 0.427621 0.246849 0.0289515 0.052521
2 0.356808 0.311975 0.0422535 0.0903361
2 0.917058 0.252101 0.0312989 0.0588235
2 0.273865 0.379202 0.0954617 0.182773
2 0.327856 0.345588 0.0469484 0.107143
0 0.34507 0.643908 0.056338 0.338235
