2 0.0950704 0.321429 0.0492958 0.10084
2 0.75939 0.258403 0.0680751 0.0630252
2 0.869327 0.260504 0.0391236 0.0462185
2 0.495305 0.236345 0.0312989 0.0357143
2 0.377934 0.297269 0.0219092 0.0693277
2 0.424883 0.255252 0.0328638 0.0651261
2 0.770344 0.259454 0.0790297 0.0567227
2 0.792645 0.262605 0.0359937 0.0462185
2 0.543818 0.262605 0.0250391 0.0546218
9 0.819249 0.0514706 0.029734 0.0861345
2 0.462833 0.221639 0.0289515 0.0483193
5 0.962441 0.220588 0.0735524 0.344538
0 0.767606 0.335084 0.0203443 0.119748
2 0.567684 0.262605 0.0289515 0.0546218
2 0.745696 0.256303 0.0610329 0.0714286
2 0.42723 0.246849 0.029734 0.052521
2 0.356808 0.311975 0.0422535 0.0903361
2 0.917058 0.252101 0.0312989 0.0588235
2 0.273474 0.379202 0.0946792 0.182773
0 0.3482 0.643908 0.0532081 0.338235
2 0.327856 0.346639 0.0469484 0.109244
