2 0.494131 0.22584 0.0320814 0.052521
2 0.0954617 0.322479 0.0485133 0.102941
2 0.425274 0.255252 0.0320814 0.0651261
2 0.758998 0.258403 0.0672926 0.0630252
2 0.869327 0.261555 0.0391236 0.0483193
2 0.377543 0.297269 0.0211268 0.0693277
2 0.769953 0.259454 0.0798122 0.0567227
2 0.793036 0.262605 0.0352113 0.0462185
9 0.819249 0.0514706 0.029734 0.0861345
2 0.543818 0.262605 0.0250391 0.0546218
0 0.767606 0.335084 0.0203443 0.119748
5 0.962441 0.220588 0.0735524 0.344538
2 0.462441 0.221639 0.028169 0.0483193
2 0.566901 0.260504 0.0273865 0.0546218
2 0.745696 0.256303 0.0610329 0.0714286
0 0.359155 0.640756 0.0406886 0.336134
2 0.42723 0.246849 0.028169 0.052521
2 0.357199 0.311975 0.041471 0.0903361
2 0.917058 0.252101 0.0312989 0.0588235
2 0.273474 0.378151 0.0962441 0.180672
2 0.327856 0.346639 0.0469484 0.109244
