2 0.728482 0.268908 0.029734 0.0588235
10 0.0856808 0.42542 0.0179969 0.052521
2 0.425665 0.257353 0.029734 0.0609244
26 0.0798122 0.65126 0.028169 0.0966387
2 0.75626 0.287815 0.0555556 0.0798319
2 0.733568 0.267857 0.041471 0.0651261
2 0.741393 0.263655 0.0571205 0.0693277
2 0.791471 0.260504 0.0383412 0.0462185
2 0.0942879 0.314076 0.0477308 0.0945378
2 0.54734 0.27416 0.0305164 0.0567227
2 0.461268 0.221639 0.0242567 0.0441176
9 0.818858 0.0504202 0.0289515 0.0840336
2 0.760563 0.307773 0.0610329 0.0987395
2 0.917058 0.253151 0.029734 0.0567227
2 0.272692 0.378151 0.0946792 0.180672
2 0.428013 0.245798 0.0266041 0.0504202
2 0.356416 0.311975 0.041471 0.0903361
2 0.327074 0.344538 0.0485133 0.109244
0 0.782864 0.351891 0.0195618 0.140756
0 0.96205 0.433824 0.0320814 0.182773
2 0.619718 0.336134 0.0516432 0.092437
0 0.107981 0.678571 0.0688576 0.336134
