2 0.159624 0.320378 0.0312989 0.0567227
2 0.758607 0.258403 0.0665102 0.0630252
2 0.0966354 0.327731 0.0508607 0.109244
2 0.869327 0.261555 0.0391236 0.0483193
2 0.493349 0.22584 0.0336463 0.052521
2 0.377152 0.297269 0.0203443 0.0693277
2 0.771909 0.259454 0.0758998 0.0567227
2 0.543818 0.262605 0.0250391 0.0504202
2 0.425274 0.253151 0.0320814 0.0651261
0 0.767606 0.334034 0.0203443 0.117647
9 0.819249 0.0514706 0.029734 0.0861345
2 0.792645 0.262605 0.0359937 0.0462185
5 0.962441 0.220588 0.0735524 0.344538
2 0.462441 0.221639 0.028169 0.0483193
2 0.566119 0.259454 0.0273865 0.0567227
2 0.745305 0.256303 0.0602504 0.0714286
2 0.42723 0.246849 0.028169 0.052521
2 0.273474 0.378151 0.0962441 0.180672
2 0.917058 0.252101 0.0312989 0.0588235
2 0.357199 0.311975 0.041471 0.0903361
2 0.327856 0.345588 0.0469484 0.107143
0 0.367371 0.640756 0.0399061 0.340336
