2 0.160407 0.321429 0.029734 0.0546218
2 0.757825 0.258403 0.0649452 0.0630252
2 0.492958 0.22584 0.0328638 0.052521
2 0.869327 0.261555 0.0391236 0.0483193
2 0.543427 0.261555 0.0258216 0.052521
2 0.774648 0.259454 0.0704225 0.0567227
2 0.377152 0.297269 0.0203443 0.0693277
2 0.424883 0.253151 0.0328638 0.0651261
0 0.766432 0.327731 0.0164319 0.109244
2 0.0970266 0.32458 0.0516432 0.107143
9 0.819249 0.0514706 0.029734 0.0861345
2 0.792645 0.262605 0.0359937 0.0462185
5 0.962441 0.220588 0.0735524 0.344538
2 0.46205 0.221639 0.0273865 0.0483193
2 0.565728 0.258403 0.0266041 0.0546218
2 0.745305 0.256303 0.0602504 0.0714286
2 0.426839 0.246849 0.0289515 0.052521
2 0.273474 0.378151 0.0962441 0.180672
2 0.917058 0.252101 0.0312989 0.0588235
2 0.357199 0.311975 0.041471 0.0903361
2 0.327856 0.345588 0.0469484 0.107143
0 0.370501 0.637605 0.0399061 0.338235
