2 0.159624 0.319328 0.0328638 0.0546218
2 0.491393 0.230042 0.0312989 0.0441176
2 0.757042 0.258403 0.0633803 0.0630252
2 0.542645 0.259454 0.0273865 0.052521
2 0.868936 0.261555 0.0399061 0.0483193
2 0.777387 0.259454 0.0649452 0.0567227
0 0.768779 0.335084 0.0211268 0.115546
2 0.377152 0.297269 0.0203443 0.0693277
2 0.424491 0.255252 0.0352113 0.0651261
2 0.0974178 0.326681 0.0524257 0.111345
2 0.792645 0.262605 0.0359937 0.0462185
9 0.819249 0.0514706 0.029734 0.0861345
5 0.962441 0.220588 0.0735524 0.344538
2 0.46205 0.221639 0.0273865 0.0483193
2 0.565336 0.259454 0.0273865 0.0567227
2 0.745305 0.256303 0.0602504 0.0714286
2 0.426839 0.247899 0.0305164 0.0546218
2 0.273083 0.379202 0.0954617 0.182773
2 0.917058 0.252101 0.0312989 0.0588235
2 0.357199 0.311975 0.041471 0.0903361
2 0.327856 0.345588 0.0469484 0.107143
0 0.375196 0.639706 0.0446009 0.338235
