2 0.490219 0.230042 0.0305164 0.0441176
2 0.756651 0.258403 0.0625978 0.0630252
2 0.160798 0.322479 0.0289515 0.052521
2 0.541862 0.259454 0.0273865 0.052521
2 0.776995 0.259454 0.0657277 0.0567227
2 0.868936 0.261555 0.0399061 0.0483193
2 0.424883 0.255252 0.0344288 0.0651261
0 0.769171 0.335084 0.0219092 0.115546
2 0.376761 0.297269 0.0195618 0.0693277
2 0.0970266 0.32458 0.0516432 0.107143
2 0.792645 0.262605 0.0359937 0.0462185
9 0.819249 0.0514706 0.029734 0.0861345
5 0.962441 0.220588 0.0735524 0.344538
2 0.461659 0.222689 0.0266041 0.0504202
2 0.564554 0.259454 0.0273865 0.0567227
2 0.744914 0.256303 0.0594679 0.0714286
0 0.378326 0.639706 0.0461659 0.338235
2 0.426839 0.247899 0.0305164 0.0546218
2 0.273474 0.378151 0.0962441 0.180672
2 0.917058 0.252101 0.0312989 0.0588235
2 0.357199 0.311975 0.041471 0.0903361
2 0.327856 0.346639 0.0469484 0.109244
