2 0.485133 0.238445 0.028169 0.0315126
2 0.75626 0.258403 0.0618153 0.0630252
2 0.541471 0.259454 0.0266041 0.052521
2 0.161189 0.321429 0.028169 0.0504202
2 0.0958529 0.322479 0.0508607 0.102941
0 0.769171 0.335084 0.0219092 0.115546
2 0.776213 0.259454 0.0672926 0.0567227
2 0.868936 0.261555 0.0399061 0.0483193
2 0.376761 0.297269 0.0195618 0.0693277
2 0.425274 0.253151 0.0320814 0.0651261
2 0.792645 0.262605 0.0359937 0.0462185
9 0.819249 0.0514706 0.029734 0.0861345
2 0.461268 0.221639 0.0258216 0.0483193
5 0.962441 0.220588 0.0735524 0.344538
0 0.384585 0.641807 0.0633803 0.338235
2 0.564554 0.257353 0.0273865 0.0567227
2 0.744914 0.256303 0.0594679 0.0714286
2 0.427621 0.246849 0.0289515 0.052521
2 0.917058 0.252101 0.0312989 0.0588235
2 0.273474 0.377101 0.0962441 0.178571
2 0.357199 0.311975 0.041471 0.0903361
2 0.327856 0.346639 0.0469484 0.109244
