2 0.0958529 0.321429 0.0492958 0.0966387
2 0.540689 0.259454 0.0266041 0.052521
2 0.756651 0.258403 0.0610329 0.0630252
2 0.160407 0.322479 0.029734 0.052521
2 0.868936 0.261555 0.0399061 0.0483193
2 0.775039 0.259454 0.071205 0.0567227
0 0.768388 0.334034 0.0219092 0.117647
2 0.484742 0.239496 0.0289515 0.0294118
2 0.424883 0.253151 0.0328638 0.0651261
2 0.376761 0.297269 0.0195618 0.0693277
2 0.792645 0.262605 0.0359937 0.0462185
9 0.819249 0.0514706 0.029734 0.0861345
5 0.962441 0.220588 0.0735524 0.344538
2 0.461268 0.221639 0.0258216 0.0483193
2 0.563772 0.257353 0.0273865 0.0567227
0 0.384977 0.641807 0.0672926 0.338235
2 0.744914 0.256303 0.0594679 0.0714286
2 0.42723 0.247899 0.028169 0.0504202
2 0.273474 0.378151 0.0962441 0.180672
2 0.916667 0.252101 0.0305164 0.0588235
2 0.357199 0.311975 0.041471 0.0903361
2 0.327856 0.345588 0.0469484 0.107143
