2 0.158451 0.320378 0.0320814 0.0567227
2 0.539515 0.255252 0.0273865 0.052521
2 0.754304 0.257353 0.056338 0.0609244
2 0.483959 0.236345 0.0289515 0.0357143
2 0.868936 0.261555 0.0367762 0.0441176
2 0.785994 0.259454 0.0492958 0.0567227
5 0.96205 0.220588 0.0743349 0.344538
2 0.376761 0.297269 0.0195618 0.0693277
2 0.424491 0.253151 0.0367762 0.0651261
2 0.562989 0.259454 0.0273865 0.0567227
0 0.768779 0.332983 0.0242567 0.115546
9 0.819249 0.0514706 0.029734 0.0861345
2 0.460876 0.221639 0.0250391 0.0483193
2 0.792645 0.261555 0.0359937 0.0483193
2 0.744523 0.256303 0.0586854 0.0672269
2 0.271909 0.380252 0.0931142 0.180672
2 0.42723 0.247899 0.0312989 0.0546218
2 0.917449 0.252101 0.0305164 0.0588235
2 0.35759 0.311975 0.0422535 0.0903361
0 0.390063 0.643908 0.0743349 0.334034
2 0.327465 0.345588 0.0477308 0.107143
