2 0.481612 0.232143 0.0273865 0.039916
2 0.755477 0.257353 0.0602504 0.0609244
2 0.159624 0.321429 0.0312989 0.0546218
2 0.539124 0.255252 0.0266041 0.052521
2 0.868936 0.261555 0.0367762 0.0441176
2 0.782473 0.259454 0.056338 0.0567227
2 0.377152 0.297269 0.0203443 0.0693277
5 0.96205 0.220588 0.0743349 0.344538
2 0.562207 0.256303 0.0273865 0.0588235
2 0.460876 0.222689 0.0250391 0.0504202
2 0.424491 0.253151 0.0367762 0.0651261
0 0.768779 0.334034 0.0242567 0.117647
9 0.819249 0.0514706 0.029734 0.0861345
2 0.792645 0.261555 0.0359937 0.0483193
2 0.744914 0.255252 0.0594679 0.0693277
2 0.271909 0.380252 0.0931142 0.180672
2 0.426839 0.247899 0.0320814 0.0546218
2 0.917449 0.252101 0.0305164 0.0588235
0 0.391236 0.644958 0.0735524 0.336134
2 0.35759 0.311975 0.0422535 0.0903361
2 0.327465 0.345588 0.0477308 0.107143
