2 0.755869 0.257353 0.0610329 0.0609244
2 0.158842 0.319328 0.0312989 0.0546218
2 0.53795 0.253151 0.0258216 0.0483193
2 0.868936 0.261555 0.0367762 0.0441176
0 0.39241 0.643908 0.0477308 0.342437
2 0.776995 0.258403 0.0672926 0.0588235
5 0.96205 0.220588 0.0743349 0.344538
2 0.377543 0.297269 0.0211268 0.0693277
2 0.423318 0.255252 0.0391236 0.0651261
2 0.561815 0.255252 0.028169 0.0609244
2 0.461268 0.222689 0.0258216 0.0504202
0 0.768779 0.332983 0.0242567 0.115546
9 0.819249 0.0514706 0.029734 0.0861345
2 0.792645 0.261555 0.0359937 0.0483193
2 0.271909 0.380252 0.0931142 0.180672
2 0.744914 0.255252 0.0594679 0.0693277
2 0.426448 0.247899 0.0328638 0.0546218
0 0.390454 0.642857 0.0704225 0.336134
2 0.917449 0.252101 0.0305164 0.0588235
2 0.35759 0.311975 0.0422535 0.0903361
2 0.327465 0.345588 0.0477308 0.107143
