10 0.777995 0.593688 0.0273438 0.0907298
1 0.902344 0.571992 0.125 0.130178
0 0.943359 0.531558 0.0403646 0.183432
0 0.943359 0.502959 0.0351562 0.126233
0 0.155599 0.608481 0.0273438 0.0927022
0 0.865885 0.478304 0.0234375 0.0374753
3 0.929688 0.571006 0.0729167 0.12426
0 0.164062 0.645957 0.0416667 0.163708
0 0.00846354 0.606509 0.0169271 0.104536
9 0.720052 0.143984 0.0416667 0.17357
9 0.707031 0.0295858 0.046875 0.0552268
0 0.0436198 0.592702 0.0221354 0.12426
0 0.486979 0.445759 0.0520833 0.118343
0 0.860026 0.548323 0.0585938 0.17357
0 0.0625 0.594675 0.0286458 0.12426
1 0.859375 0.575937 0.0572917 0.118343
0 0.0970052 0.593688 0.0273438 0.130178
0 0.128255 0.586785 0.0299479 0.136095
0 0.942057 0.472387 0.0325521 0.061144
0 0.0253906 0.592702 0.0299479 0.13215
0 0.98112 0.510848 0.0351562 0.138067
0 0.442057 0.593688 0.0794271 0.422091
0 0.547526 0.645957 0.19401 0.546351
0 0.377604 0.575937 0.09375 0.433925
0 0.632812 0.544379 0.114583 0.500986
0 0.263672 0.605523 0.154948 0.714004
